175,158,295,175
158,295,175,158
295,175,158,295
121,23,179,121
23,179,121,23
179,121,23,179
64,128,231,64
128,231,64,128
231,64,128,231
164,149,58,164
149,58,164,149
58,164,149,58
94,145,234,94
145,234,94,145
145,234,94,91
145,234,94,237
94,145,234,505
234,94,145,234
223,94,145,234
114,94,145,234
145,234,505,413
485,234,94,145
485,234,94,91
234,94,91,223
485,234,94,237
234,94,237,114
413,485,234,94
459,485,234,94
91,223,94,145
237,114,94,145
205,65,67,205
65,67,205,65
67,205,65,67
271,296,255,271
296,255,271,296
255,271,296,255
5012,5005,5006,5007
5005,5006,5007,5008
5011,5012,5005,5006
5006,5007,5008,5009
91,223,94,91
223,94,91,223
91,223,94,237
94,91,223,94
223,94,237,114
114,94,91,223
237,114,94,91
94,237,114,94
237,114,94,237
114,94,237,114
150,194,192,150
194,192,150,194
192,150,194,192
24,159,83,24
159,83,24,159
83,24,159,83
56,18,197,56
18,197,56,18
197,56,18,197
126,27,144,126
27,144,126,27
144,126,27,144
61,188,139,61
188,139,61,188
139,61,188,139
198,26,214,198
26,214,198,26
214,198,26,214
456,437,572,501
437,572,501,456
437,572,501,382
501,456,437,572
572,501,456,437
572,501,382,338
564,501,456,437
338,564,501,456
447,383,208,375
383,208,375,447
375,447,383,208
208,375,447,383
485,234,505,413
234,505,413,485
413,485,234,505
459,485,234,505
505,413,485,234
338,564,501,382
564,501,382,338
382,338,564,501
501,382,338,564
440,434,476,242
434,476,242,440
242,440,434,476
476,242,440,434
460,587,293,528
46,587,293,528
587,293,528,460
528,460,587,293
7,293,528,460
293,528,460,587
409,299,558,259
299,558,259,409
259,409,299,558
187,558,259,409
558,259,409,299
207,259,409,299
546,272,593,300
272,593,300,546
300,546,272,593
593,300,546,272
500,542,303,395
542,303,395,500
395,500,542,303
303,395,500,542
227,582,325,222
582,325,222,227
222,227,582,325
325,222,227,582
652,1190,1129,993
958,1190,1129,993
1190,1129,993,961
652,1190,1129,1067
961,652,1190,1129
958,1190,1129,1067
1190,1129,1067,1163
1010,1129,993,961
1129,993,961,652
1162,1010,1129,993
993,961,652,1190
755,699,614,777
699,614,777,675
675,755,699,614
614,777,675,755
86,777,675,755
545,777,675,755
777,675,755,699
411,545,777,675
551,569,748,708
569,748,708,575
575,551,569,748
748,708,575,551
708,575,551,569
1077,1143,826,757
1143,826,757,628
628,1077,1143,826
826,757,628,1077
757,628,1077,1143
996,877,1041,1054
877,1041,1054,903
903,996,877,1041
487,1041,1054,903
978,1041,1054,903
1041,1054,903,996
796,1054,903,996
1054,903,996,877
213,903,996,877
1160,521,1245,513
521,1245,513,1226
1226,1160,521,1245
767,1245,513,1226
1245,513,1226,1160
513,1226,1160,521
290,1226,1160,521
799,835,745,1124
835,745,1124,1066
1066,799,835,745
745,1124,1066,799
1124,1066,799,835
1129,1067,1163,1162
1067,1163,1162,1010
1010,1129,1067,1163
1163,1162,1010,1129
1162,1010,1129,1067
2165,2250,2052,1436
1169,2250,2052,1436
2250,2052,1436,1710
2250,2052,1436,1594
2113,2165,2250,2052
1318,2165,2250,2052
1382,2165,2250,2052
1938,2165,2250,2052
2052,1436,1710,2113
2052,1436,1594,1375
2246,1436,1710,2113
1436,1710,2113,2165
1359,2246,1436,1710
376,2246,1436,1710
896,1710,2113,2165
1710,2113,2165,2250
713,2113,2165,2250
1115,2393,2043,2276
2393,2043,2276,1466
1889,1115,2393,2043
1011,1115,2393,2043
671,2043,2276,1466
1151,2043,2276,1466
2043,2276,1466,1889
594,671,2043,2276
2276,1466,1889,1115
1466,1889,1115,2393
922,1889,1115,2393
1703,1609,1776,1707
1609,1776,1707,2414
1782,1703,1609,1776
1776,1707,2414,1782
990,1707,2414,1782
1707,2414,1782,1703
2414,1782,1703,1609
1416,1782,1703,1609
1050,1661,1181,1999
1661,1181,1999,1966
2287,1050,1661,1181
1181,1999,1966,2287
706,1999,1966,2287
1999,1966,2287,1050
1966,2287,1050,1661
2391,1763,2112,1655
1763,2112,1655,1627
2391,1763,2112,1630
1359,2391,1763,2112
1763,2112,1630,1131
2196,2112,1655,1627
2112,1655,1627,1359
2112,1655,1627,2196
1627,2196,2112,1655
1082,2196,2112,1655
1098,2196,2112,1655
1655,1627,1359,2391
1655,1627,1359,2246
1655,1627,2196,2112
1780,1627,1359,2391
1627,1359,2391,1763
1780,1627,1359,2246
1627,1359,2246,1436
1131,1780,1627,1359
1711,1780,1627,1359
1005,1359,2391,1763
754,1359,2391,1763
1375,1005,1359,2391
1697,2099,1574,1195
2099,1574,1195,1931
2354,1697,2099,1574
1574,1195,1931,2354
1195,1931,2354,1697
1931,2354,1697,2099
2246,1436,1594,1375
1436,1594,1375,1005
1359,2246,1436,1594
376,2246,1436,1594
1594,1375,1005,1359
1088,1375,1005,1359
1375,1005,1359,2246
1005,1359,2246,1436
754,1359,2246,1436
2061,2142,2027,2171
1517,2142,2027,2171
2142,2027,2171,1192
1755,2061,2142,2027
1537,2027,2171,1192
2027,2171,1192,1755
1400,2171,1192,1755
2171,1192,1755,2061
1068,1400,2171,1192
1192,1755,2061,2142
1131,1780,1627,2196
1711,1780,1627,2196
1780,1627,2196,2112
1630,1131,1780,1627
1627,2196,2112,1630
1082,2196,2112,1630
1098,2196,2112,1630
2196,2112,1630,1131
2112,1630,1131,1780
738,1630,1131,1780
90,738,1630,1131
3516,4699,4210,3055
107,4699,4210,3055
4616,4699,4210,3055
4699,4210,3055,3004
2651,3516,4699,4210
105,107,4699,4210
758,4616,4699,4210
3853,4616,4699,4210
4210,3055,3004,3367
3055,3004,3367,2651
3004,3367,2651,3516
2525,3367,2651,3516
3367,2651,3516,4699
1309,2525,3367,2651
467,2651,3516,4699
3480,4589,4924,3930
3059,4589,4924,3930
4589,4924,3930,4075
3454,3480,4589,4924
2515,3059,4589,4924
2943,3059,4589,4924
4644,4924,3930,4075
4796,4924,3930,4075
4813,4924,3930,4075
4924,3930,4075,4671
537,4644,4924,3930
1138,4644,4924,3930
2182,4796,4924,3930
4431,4796,4924,3930
4494,4796,4924,3930
4792,4796,4924,3930
1971,4813,4924,3930
3063,4813,4924,3930
4134,4813,4924,3930
4537,4813,4924,3930
1726,3930,4075,4671
2796,3930,4075,4671
3930,4075,4671,3454
1410,2796,3930,4075
55,4075,4671,3454
3462,4075,4671,3454
4075,4671,3454,3480
292,4671,3454,3480
1868,4671,3454,3480
4567,4671,3454,3480
4671,3454,3480,4589
69,292,4671,3454
3590,4567,4671,3454
4280,4567,4671,3454
3201,3454,3480,4589
3454,3480,4589,4785
2058,3201,3454,3480
2264,3201,3454,3480
3480,4589,4785,3902
2395,2541,2633,4954
96,2541,2633,4954
1587,2541,2633,4954
2536,2541,2633,4954
2541,2633,4954,3847
4898,2395,2541,2633
898,1587,2541,2633
2633,4954,3847,4426
1824,4954,3847,4426
4239,4954,3847,4426
4584,4954,3847,4426
4878,4954,3847,4426
4954,3847,4426,4898
170,4239,4954,3847
827,4239,4954,3847
2909,4239,4954,3847
3863,4239,4954,3847
831,4584,4954,3847
1983,4584,4954,3847
2120,4584,4954,3847
2677,4878,4954,3847
4254,4878,4954,3847
4353,4878,4954,3847
4771,4878,4954,3847
3847,4426,4898,2395
2892,4426,4898,2395
3027,4426,4898,2395
4426,4898,2395,2541
1352,3027,4426,4898
4038,4898,2395,2541
4458,4898,2395,2541
4547,4898,2395,2541
4804,4898,2395,2541
4885,4898,2395,2541
2495,4038,4898,2395
3223,4038,4898,2395
4003,4038,4898,2395
3143,4458,4898,2395
3888,4458,4898,2395
3996,4458,4898,2395
4024,4547,4898,2395
4154,4547,4898,2395
1385,4804,4898,2395
4272,4804,4898,2395
4800,4804,4898,2395
4265,4885,4898,2395
4327,4885,4898,2395
4496,4885,4898,2395
4781,4885,4898,2395
4786,4885,4898,2395
4258,2619,2375,2504
2415,2619,2375,2504
2619,2375,2504,3275
2803,4258,2619,2375
3033,4258,2619,2375
4228,4258,2619,2375
1532,2415,2619,2375
327,2375,2504,3275
2375,2504,3275,4338
2504,3275,4338,2803
3275,4338,2803,4258
1453,4338,2803,4258
3426,4338,2803,4258
3933,4338,2803,4258
4338,2803,4258,2619
1990,3426,4338,2803
3051,3933,4338,2803
887,3033,4258,2619
2130,3033,4258,2619
897,4228,4258,2619
4172,4228,4258,2619
4685,4996,2315,4836
1110,4996,2315,4836
1243,4996,2315,4836
4430,4996,2315,4836
4758,4996,2315,4836
4837,4996,2315,4836
4849,4996,2315,4836
4972,4996,2315,4836
4978,4996,2315,4836
4996,2315,4836,3024
2418,4685,4996,2315
1754,4685,4996,2315
4107,4685,4996,2315
4521,4685,4996,2315
2150,4758,4996,2315
4260,4758,4996,2315
4443,4758,4996,2315
1903,4837,4996,2315
4705,4837,4996,2315
3622,4972,4996,2315
4012,4972,4996,2315
4293,4972,4996,2315
4534,4972,4996,2315
4679,4972,4996,2315
4769,4972,4996,2315
4801,4972,4996,2315
4853,4972,4996,2315
4970,4972,4996,2315
3498,4978,4996,2315
3839,4978,4996,2315
4197,4978,4996,2315
4812,4978,4996,2315
4851,4978,4996,2315
2294,2315,4836,3024
2315,4836,3024,3789
2451,4836,3024,3789
4043,4836,3024,3789
4205,4836,3024,3789
4836,3024,3789,2418
167,2451,4836,3024
1032,2451,4836,3024
2293,4205,4836,3024
3365,4205,4836,3024
512,3024,3789,2418
1753,3024,3789,2418
3024,3789,2418,4685
2588,3789,2418,4685
3789,2418,4685,4996
184,2418,4685,4996
1413,1754,4685,4996
3663,4107,4685,4996
847,4521,4685,4996
1881,4521,4685,4996
1900,4521,4685,4996
2940,4521,4685,4996
3871,3926,3610,4892
1340,3926,3610,4892
2768,3926,3610,4892
3926,3610,4892,2311
4463,3871,3926,3610
823,3871,3926,3610
2268,3871,3926,3610
2963,3871,3926,3610
3082,3871,3926,3610
3464,3871,3926,3610
3710,3871,3926,3610
2331,3610,4892,2311
3610,4892,2311,2824
1199,2331,3610,4892
2997,4892,2311,2824
3070,4892,2311,2824
4139,4892,2311,2824
4419,4892,2311,2824
4892,2311,2824,4463
124,2997,4892,2311
2667,2997,4892,2311
1480,3070,4892,2311
666,4139,4892,2311
3357,4419,4892,2311
3943,4419,4892,2311
2311,2824,4463,3871
2824,4463,3871,3926
4356,4463,3871,3926
936,4356,4463,3871
1501,4356,4463,3871
1769,4356,4463,3871
3428,4356,4463,3871
3460,4356,4463,3871
578,2963,3871,3926
2461,3082,3871,3926
3198,3464,3871,3926
3490,2934,3453,4281
2918,2934,3453,4281
2934,3453,4281,2666
3708,3490,2934,3453
1381,3490,2934,3453
2206,3490,2934,3453
1313,3453,4281,2666
3453,4281,2666,4459
3259,4281,2666,4459
4281,2666,4459,3708
818,3259,4281,2666
2666,4459,3708,3490
3095,4459,3708,3490
3521,4459,3708,3490
4459,3708,3490,2934
927,3095,4459,3708
3083,3521,4459,3708
1626,3708,3490,2934
2406,3708,3490,2934
3684,3708,3490,2934
232,3684,3708,3490
1612,3684,3708,3490
3541,3574,3742,3488
1306,3574,3742,3488
2574,3574,3742,3488
3352,3574,3742,3488
3574,3742,3488,2990
2921,3541,3574,3742
2242,2574,3574,3742
3742,3488,2990,4147
2712,3488,2990,4147
3339,3488,2990,4147
3488,2990,4147,2921
1984,2712,3488,2990
916,3339,3488,2990
1463,2990,4147,2921
2990,4147,2921,3541
599,4147,2921,3541
3727,4147,2921,3541
4147,2921,3541,3574
1950,3727,4147,2921
3661,3727,4147,2921
999,2921,3541,3574
4785,3902,2323,3967
2782,3902,2323,3967
3902,2323,3967,2515
4589,4785,3902,2323
2546,4785,3902,2323
3835,4785,3902,2323
4194,4785,3902,2323
4711,4785,3902,2323
4731,4785,3902,2323
4768,4785,3902,2323
2257,2782,3902,2323
2323,3967,2515,3059
2261,3967,2515,3059
2937,3967,2515,3059
3967,2515,3059,4589
2037,2937,3967,2515
1185,2515,3059,4589
1321,2515,3059,4589
2515,3059,4589,4785
405,1185,2515,3059
2943,3059,4589,4785
3059,4589,4785,3902
2864,2943,3059,4589
1092,3835,4785,3902
2827,3835,4785,3902
3269,4711,4785,3902
457,4731,4785,3902
4660,4731,4785,3902
4673,4731,4785,3902
3645,4768,4785,3902
4226,4768,4785,3902
4719,4768,4785,3902
3586,4098,4407,2563
1301,4098,4407,2563
3345,4098,4407,2563
3558,4098,4407,2563
4098,4407,2563,3761
3635,3586,4098,4407
1464,3558,4098,4407
540,4407,2563,3761
4329,4407,2563,3761
4407,2563,3761,3196
3603,4329,4407,2563
3844,4329,4407,2563
4290,4329,4407,2563
2563,3761,3196,3635
523,3761,3196,3635
3729,3761,3196,3635
3761,3196,3635,3586
418,523,3761,3196
3196,3635,3586,4098
2066,3635,3586,4098
1624,2066,3635,3586
0,3104,4590,4917
1,3624,3704,4805
2,809,4123,4391
3,3885,3997,4246
4,3441,4017,4302
5,3572,4614,4887
6,1696,2128,4691
8,3281,4362,4564
9,4720,4797,4973
10,4536,4601,4746
11,934,2507,2862
12,874,3326,4744
13,4610,4971,4986
14,3361,4159,4256
15,3962,4083,4916
16,3749,4351,4791
17,3321,4803,4991
19,4265,4885,4898
20,2008,4814,4909
21,2707,3321,4803
22,2560,4384,4651
25,4984,4998,4999
28,2998,3884,4129
29,811,4491,4559
30,4156,4501,4904
31,831,4584,4954
32,1052,4216,4555
33,2597,2678,3654
34,3854,4896,4952
35,2777,3251,4744
36,3529,4300,4420
37,3372,4831,4940
38,697,3807,4144
39,1972,3375,3398
40,1134,3330,3550
41,4486,4686,4753
42,2863,4801,4972
43,1577,2264,3201
44,3968,4707,4895
45,4828,4989,4991
47,994,3449,4195
48,1591,1752,2107
49,1834,3179,4496
50,3697,4760,4763
51,2970,4352,4756
52,2426,2580,3940
53,872,3893,4353
54,2046,4151,4447
57,2402,4741,4744
59,2392,3494,3623
60,4247,4935,4963
62,3172,4548,4764
63,4905,4907,4997
66,1945,4673,4731
68,368,2080,3721
70,3607,3750,4498
71,4464,4537,4813
72,3810,4183,4348
73,3194,3661,3727
74,4502,4987,4999
75,1993,4899,4944
76,4372,4460,4554
77,4131,4862,4886
78,1380,1758,3730
79,833,2169,2293
80,493,1511,1797
81,3366,4861,4919
82,643,3448,4913
84,3362,3788,4669
85,3664,4500,4858
87,2511,3980,4318
88,4114,4721,4971
89,3125,4213,4293
92,2290,3069,4140
93,932,3855,4733
95,1856,4314,4700
97,4506,4520,4974
98,2663,4799,4860
99,3890,4554,4681
100,1509,4257,4664
101,1671,4189,4701
102,3081,4193,4895
103,3301,4019,4518
104,3991,4232,4950
106,1986,3803,3996
108,4611,4736,4994
109,2591,3627,4992
110,4026,4497,4943
111,1593,3089,3955
112,1566,4304,4995
113,2894,3091,4444
115,127,4104,4397
116,176,1039,3321
117,4387,4940,4990
118,2686,4021,4856
119,4436,4519,4874
120,2667,2997,4892
122,140,3398,3421
123,4649,4801,4972
125,4005,4238,4856
127,4104,4397,4650
129,4734,4760,4763
130,1312,2466,4502
131,185,1348,3054
132,3075,3290,4943
133,4782,4918,4955
134,2321,3214,3668
135,2809,3423,4812
136,3759,4989,4991
137,4549,4746,4753
138,4287,4936,4966
140,3398,3421,4272
141,3390,3917,4146
142,2898,3092,4004
143,4534,4972,4996
146,3292,4734,4760
147,1689,4819,4874
148,3634,4199,4226
151,2848,3405,4550
152,268,2711,4997
153,4349,4763,4805
154,4320,4506,4520
155,1988,2004,2462
156,3138,3915,4776
157,2908,4235,4593
160,4120,4301,4393
161,2300,4770,4911
162,3671,4855,4906
163,970,4402,4486
165,1950,3727,4147
166,608,1696,2128
168,3279,3424,4095
169,543,3254,4102
171,3261,3316,4283
172,3922,4340,4342
173,4223,4986,4997
174,1420,2625,3058
176,1039,3321,4803
177,1171,4277,4354
178,2319,4747,4846
180,360,4692,4870
181,4391,4587,4798
182,1987,2571,3675
183,4769,4972,4996
185,1348,3054,4783
186,3639,3701,4080
189,3412,3494,3623
190,1057,4324,4612
191,3946,4046,4945
193,3401,4465,4794
195,2497,4770,4911
196,4920,4938,4951
199,2649,2815,2828
200,346,942,4777
201,1221,1487,3643
202,4491,4559,4944
203,2856,4118,4431
204,808,4115,4876
206,3117,4154,4547
209,3634,4199,4226
210,3525,3931,4788
211,643,3448,4913
212,2798,3132,4744
215,1896,3267,3378
216,3873,4166,4387
217,2427,3228,3956
218,2379,2513,3427
219,3014,3685,3920
220,3642,4277,4354
221,377,2249,2367
224,2800,4726,4901
225,2478,4904,4975
226,4545,4682,4970
228,3118,4301,4393
229,1249,2906,3783
230,1409,2537,3786
233,4387,4940,4990
235,3512,3821,4719
236,4513,4911,4956
238,4118,4431,4796
239,828,3911,4908
240,2787,3101,4782
241,3085,3945,4349
243,1904,2875,3051
244,3815,4536,4601
245,981,3483,4168
246,444,732,2180
247,716,4861,4919
248,4560,4759,4905
249,1815,4404,4958
250,2698,4729,4921
251,3878,4321,4429
252,1075,4240,4604
253,2700,2938,4661
254,4443,4758,4996
256,4437,4901,4962
257,2430,2625,3058
258,4284,4745,4761
260,2750,3110,3469
261,1830,4201,4933
262,4327,4885,4898
263,1813,3783,4202
264,4764,4840,4876
265,1222,4841,4959
266,4235,4593,4771
267,1085,4748,4925
268,2711,4997,4998
269,4441,4832,4860
270,4789,4890,4962
273,2251,2874,3634
274,4928,4949,4979
275,3719,4090,4638
276,2884,4477,4728
277,1918,3631,3986
278,1604,2232,4331
279,4531,4963,4994
280,4295,4478,4636
281,3278,4683,4956
282,1849,2186,2589
283,4985,4994,5000
284,3002,3276,4288
285,3416,3924,4192
286,2307,3395,3815
287,4470,4649,4801
288,1932,4932,4958
289,1649,4632,4932
291,4502,4987,4999
294,3763,4636,4718
297,881,2856,4118
298,3184,4269,4288
301,935,2976,3584
302,1727,4048,4641
304,3936,4525,4588
305,2249,2367,3099
306,3342,3954,4553
307,4492,4637,4951
308,2742,3813,4197
309,3094,3630,4368
310,663,1678,1882
311,4941,4960,4977
312,4055,4286,4865
313,3355,3513,4536
314,971,2118,4782
315,3528,4099,4919
316,1830,4201,4933
317,4120,4301,4393
318,4467,4485,4782
319,4760,4763,4805
320,3154,4595,4794
321,1336,1771,3165
322,4455,4738,4863
323,3509,4061,4678
324,1883,1950,3727
326,4562,4966,4974
328,4742,4841,4959
329,3579,4108,4613
330,2360,4771,4878
331,2076,4792,4796
332,3161,4637,4951
333,401,3159,4376
334,1133,4855,4906
335,2484,4402,4486
336,3752,3759,4989
337,2670,4238,4856
339,4787,4987,4999
340,3949,3955,4171
341,1085,4748,4925
342,2626,2940,4521
343,3144,4182,4546
344,1447,2840,4479
345,588,3187,4769
346,942,4777,4951
347,1502,4305,4938
348,493,1511,1797
349,900,1114,2626
350,2458,4821,4870
351,1559,2079,3768
352,4392,4546,4824
353,2433,4412,4683
354,594,671,2043
355,526,3757,4557
356,3432,3663,4107
357,2876,3032,3823
358,2336,4351,4791
359,2097,3113,4078
360,4692,4870,4964
361,1080,3256,4466
362,827,4239,4954
363,455,1779,3360
364,2996,4823,4959
365,4514,4812,4978
366,4792,4796,4924
367,1559,2079,3768
368,2080,3721,3806
369,1566,4304,4995
370,4960,4977,4987
371,3240,4292,4504
372,3458,4998,4999
373,789,2706,3105
374,4740,4968,4988
377,2249,2367,3099
378,1073,2558,2859
379,3366,4861,4919
380,3074,3605,4000
381,1180,3957,4729
384,3794,4535,4679
385,2929,3173,4436
386,2781,4462,4541
387,4619,4825,4857
388,726,3293,3797
389,3971,4592,4621
390,3207,4493,4905
391,1488,3810,4183
392,4877,4986,4997
393,2763,3218,3588
394,4708,4887,4934
396,3698,4743,4990
397,2800,4726,4901
398,3862,4370,4755
399,1496,1602,2237
400,2954,3602,4378
401,3159,4376,4555
402,1956,3859,4788
403,1646,4389,4778
404,1733,2537,3786
406,3147,3190,4367
407,4060,4579,4904
408,2203,2970,4352
410,2348,3622,4972
412,2000,4810,4975
414,1249,2906,3783
415,1671,4189,4701
416,1015,2208,3974
417,976,3715,4801
419,4416,4558,4957
420,3944,4307,4502
421,879,3217,4970
422,517,1028,1875
423,557,4935,4963
424,1826,2327,3617
425,3737,4473,4739
426,4223,4986,4997
427,3040,3559,3899
428,3249,3362,3788
429,4835,4961,4964
430,4601,4746,4753
431,1348,3054,4783
432,4089,4915,4934
433,2785,3140,4985
435,1427,1656,3692
436,3057,4745,4761
438,891,2471,3086
439,567,2839,3682
441,2783,3550,4177
442,3565,4704,4834
443,3538,4189,4701
444,732,2180,2605
445,3419,4232,4950
446,2175,2975,4374
448,590,3548,4927
449,3952,4436,4519
450,2035,3326,4744
451,2703,3851,4693
452,1156,2341,4608
453,3934,4473,4739
454,883,1000,3550
455,1779,3360,4212
458,2487,3648,4427
461,685,4667,4981
462,3726,4138,4537
463,2457,3903,4605
464,3355,3513,4536
465,2628,3038,3485
466,1455,4641,4955
468,2635,4477,4728
469,4304,4995,4999
470,2777,3251,4744
471,3113,4078,4367
472,4337,4723,4784
473,2992,3756,4826
474,4467,4485,4782
475,3071,4840,4876
477,2617,4261,4792
478,1112,2103,4145
479,3361,4159,4256
480,3497,4351,4791
481,2098,3740,4967
482,887,3033,4258
483,2475,4997,4998
484,912,2426,2580
486,1293,4724,4918
488,2092,2637,3057
489,1157,3543,3779
490,847,4521,4685
491,2022,4137,4640
492,1464,3558,4098
493,1511,1797,3159
494,3334,4828,4989
495,2909,4239,4954
496,3679,4695,4765
497,2895,3093,3344
498,3524,4219,4439
499,880,3341,4013
502,3828,4401,4626
503,589,4010,4784
504,1951,2945,4076
506,4734,4760,4763
507,2611,4635,4900
508,4730,4983,4985
509,2079,3768,4382
510,3376,4756,4863
511,4775,4979,4990
514,1404,1843,3019
515,2006,2241,4907
516,1072,1178,2490
517,1028,1875,3245
518,3714,4078,4367
519,4618,4975,4993
520,2693,3534,4803
522,4441,4832,4860
524,567,2839,3682
525,2956,3861,4933
526,3757,4557,4744
527,2468,3414,4005
529,2143,2915,3023
530,1059,3688,4179
531,1886,1977,4345
532,1701,2096,3194
533,2134,2870,3364
534,2217,4546,4824
535,2303,4178,4266
536,621,1456,2966
538,1989,3104,4590
539,3431,4136,4706
541,4027,4780,4900
543,3254,4102,4133
544,3030,4569,4917
547,3491,4593,4771
548,4300,4420,4795
549,947,2510,2933
550,2570,2656,3664
552,3978,4614,4887
553,683,4808,4945
554,3279,3424,4095
555,2049,2708,3779
556,4206,4518,4590
557,4935,4963,4994
559,4705,4837,4996
560,1420,2625,3058
561,2681,2830,2899
562,1437,3642,4277
563,1907,4337,4723
565,3961,4298,4299
566,4692,4870,4964
567,2839,3682,4833
568,2496,3133,4132
570,3730,3840,4533
571,2881,4564,4582
573,2326,4466,4478
574,4570,4992,4997
576,3332,4926,4930
577,2444,3910,4648
579,4133,4134,4813
580,2756,3846,4255
581,4006,4726,4901
583,2454,2524,3290
584,2813,3064,3502
585,1963,2048,3227
586,1762,3885,3997
588,3187,4769,4972
589,4010,4784,4991
590,3548,4927,4942
591,4668,4997,4998
592,3659,4003,4038
595,682,1437,3642
596,3997,4246,4883
597,3038,3485,4945
598,3503,3923,4047
600,1013,4735,4792
601,2869,3214,3668
602,4732,4814,4909
603,2933,3069,4140
604,3099,3570,4583
605,816,3703,4847
606,3283,3577,4420
607,1553,2379,2513
608,1696,2128,4691
609,2381,3252,4008
610,806,943,1204
611,2266,4605,4691
612,2096,3194,3661
613,856,1592,2797
615,3965,4149,4917
616,846,3323,3955
617,2617,4261,4792
618,4318,4499,4830
619,3311,4358,4500
620,2936,4244,4925
621,1456,2966,3390
622,783,1895,2279
623,3974,4063,4490
624,3862,4370,4755
625,4274,4705,4837
626,2183,3456,4279
627,2984,3861,4933
629,4759,4905,4907
630,2445,2785,3140
631,2663,4799,4860
632,2830,2899,3307
633,3105,3741,3859
634,4328,4846,4965
635,4483,4917,4965
636,1219,2731,4911
637,2301,2428,4862
638,4106,4384,4651
639,1841,3722,4585
640,2365,3089,3955
641,2056,3224,3520
642,1094,2192,4847
643,3448,4913,5000
644,4795,4990,4991
645,1363,3216,3636
646,3609,4637,4951
647,2797,4560,4759
648,734,1194,1344
649,3158,4297,4592
650,862,3579,4108
651,3019,4163,4443
653,1502,4305,4938
654,1186,1731,3645
655,3363,4087,4628
656,2882,3652,4215
657,1072,1178,2490
658,2784,4083,4916
659,3146,4167,4757
660,2157,4545,4682
661,2728,3792,4334
662,2752,4873,4929
663,1678,1882,4636
664,4163,4443,4758
665,4864,4880,4900
667,936,4356,4463
668,1691,2841,3326
669,3552,4506,4520
670,4761,4775,4979
672,4817,4882,4999
673,3255,4319,4568
674,4714,4779,4873
676,3106,4531,4963
677,4683,4956,4968
678,4961,4964,4975
679,3296,4568,4583
680,2657,3845,4999
681,3705,4290,4329
682,1437,3642,4277
683,4808,4945,4947
684,2604,4912,4929
685,4667,4981,4999
686,3828,4401,4626
687,1998,3043,4807
688,1747,1835,1882
689,2499,3824,4035
690,2241,4907,4997
691,3840,4533,4871
692,963,3739,4318
693,4609,4880,4900
694,2888,3301,4019
695,4619,4825,4857
696,1343,1448,1588
697,3807,4144,4358
698,2760,2842,4396
700,3768,4382,4693
701,2264,3201,3454
702,2795,4632,4932
703,4390,4414,4977
704,1458,3218,3588
705,3340,3448,4913
707,4907,4997,4998
709,4310,4932,4958
710,898,1587,2541
711,933,4187,4707
712,2352,4447,4784
714,1363,3216,3636
715,4300,4420,4795
716,4861,4919,4988
717,4665,4815,4860
718,3238,3784,4963
719,1176,4487,4516
720,3832,4530,4728
721,2627,4805,4861
722,3315,3626,3862
723,3076,3535,4550
724,4291,4524,4570
725,2877,3633,4743
726,3293,3797,4302
727,3624,3704,4805
728,3261,3316,4283
729,4014,4185,4313
730,4750,4852,4869
731,3221,3510,3707
732,2180,2605,4063
733,3537,4333,4642
734,1194,1344,4563
735,3520,4802,4969
736,1241,1745,4483
737,1424,3069,4140
739,2476,4301,4393
740,2639,3551,3752
741,4011,4550,4761
742,2222,2235,4130
743,1414,1825,4495
744,955,1530,2032
746,1714,4397,4650
747,2671,4610,4971
749,1421,2490,2531
750,2018,3341,4013
751,1967,2058,3201
752,2152,3852,4625
753,1818,3390,3917
756,4889,4948,4980
759,2663,4799,4860
760,3406,4893,4933
761,1828,2046,4151
762,3445,3755,3855
763,4590,4917,4965
764,1125,4204,4998
765,4603,4969,5000
766,822,4995,4999
768,2398,2434,2763
769,4742,4841,4959
770,1441,4927,4942
771,1467,1612,3684
772,1121,3591,3994
773,1760,4126,4647
774,4562,4966,4974
775,3840,4533,4871
776,4290,4329,4407
778,2684,3066,4903
779,1064,3625,4732
780,2676,4772,4820
781,3893,4353,4878
782,2555,4341,4600
783,1895,2279,2412
784,4172,4228,4258
785,3978,4614,4887
786,4192,4339,4697
787,3961,4298,4299
788,4266,4413,4944
789,2706,3105,3741
790,4316,4499,4830
791,3398,3421,4272
792,2740,4773,4907
793,1479,3864,4410
794,3366,4861,4919
795,1759,2037,2937
797,1896,3267,3378
798,2035,3326,4744
800,2505,2861,4590
801,937,3804,4142
802,1515,3104,4590
803,4907,4997,4998
804,3467,3533,4402
805,2614,4663,4931
806,943,1204,4184
807,3421,4272,4804
808,4115,4876,4915
809,4123,4391,4587
810,2082,2533,4753
811,4491,4559,4944
812,4492,4637,4951
813,3197,3224,3520
814,2914,4490,4894
815,1791,4863,4914
816,3703,4847,4987
817,4494,4796,4924
819,2342,2859,4690
820,1717,3549,3553
821,1034,1808,2428
822,4995,4999,5000
824,1333,1363,3216
825,2167,3335,3349
828,3911,4908,4909
829,3918,4579,4904
830,3387,3580,4956
832,4694,4890,4962
833,2169,2293,4205
834,4464,4537,4813
836,4465,4794,4871
837,4886,4955,4973
838,3846,4255,4775
839,4009,4601,4746
840,3393,3431,4136
841,2188,2869,3214
842,2445,2785,3140
843,3447,4952,4998
844,3102,4232,4950
845,1662,3841,4543
846,3323,3955,4171
848,2479,3136,4789
849,2067,3289,4776
850,3571,3949,3955
851,2021,4023,4209
852,1513,4050,4402
853,1861,4976,4979
854,2930,4784,4991
855,2545,3666,4447
856,1592,2797,4560
857,3668,4012,4972
858,4384,4651,4890
860,1983,4584,4954
861,3036,4204,4998
862,3579,4108,4613
863,3577,4420,4795
864,3049,4600,4727
865,952,1319,4858
866,4325,4383,4748
867,1279,3571,3949
868,3292,4734,4760
869,4097,4931,4952
870,3204,4087,4628
871,1631,4120,4301
872,3893,4353,4878
873,2684,3066,4903
874,3326,4744,4833
875,4777,4951,4958
876,4705,4837,4996
878,3736,4965,4991
879,3217,4970,4972
880,3341,4013,4707
881,2856,4118,4431
882,2290,3069,4140
883,1000,3550,4177
884,2916,3176,4215
885,2857,4020,4104
886,3935,4175,4818
888,4217,4864,4880
889,1214,2998,3884
890,2644,2704,3702
891,2471,3086,4093
892,4316,4499,4830
893,1173,2922,4527
894,1076,3951,4963
895,4385,4744,4833
899,4491,4559,4944
900,1114,2626,2940
901,4021,4856,4970
902,2022,4137,4640
904,1377,2459,2589
905,4396,4403,4689
906,3689,4984,4998
907,2026,4646,4721
908,4949,4979,4990
909,3570,4583,4866
910,2841,3326,4744
911,4473,4739,4759
912,2426,2580,3940
913,2329,4604,4891
914,2448,4011,4550
915,1198,3354,4609
917,3040,3559,3899
918,3487,4925,4932
919,1155,1561,4655
920,1026,2870,3364
921,1460,3721,3806
923,2967,4369,4405
924,3040,3559,3899
925,1044,1412,2002
926,3503,3923,4047
928,1043,4222,4688
929,3906,4782,4918
930,2550,2577,3144
931,2538,3365,4205
932,3855,4733,4868
933,4187,4707,4895
934,2507,2862,2909
935,2976,3584,3743
937,3804,4142,4554
938,3117,4154,4547
939,2710,2989,4986
940,4049,4533,4871
941,4654,4795,4990
942,4777,4951,4958
943,1204,4184,4962
944,3853,4616,4699
945,3653,4654,4795
946,1949,4189,4701
947,2510,2933,3069
948,2568,4811,4855
949,4678,4740,4968
950,3062,4765,4864
951,4373,4792,4796
952,1319,4858,4867
953,1177,1298,4762
954,3611,3637,4747
955,1530,2032,3155
956,4899,4944,4985
957,3668,4012,4972
959,4774,4775,4979
960,2656,3664,4500
962,1568,4157,4353
963,3739,4318,4499
964,3185,4287,4936
965,1778,3378,4175
966,4394,4853,4972
967,4207,4647,4910
968,1498,3100,3427
969,4795,4990,4991
970,4402,4486,4686
971,2118,4782,4918
972,1320,3312,4680
973,2060,4716,4987
974,1759,2037,2937
975,1894,4738,4863
976,3715,4801,4972
977,3564,4256,4844
979,2750,3110,3469
980,3375,3398,3421
981,3483,4168,4811
982,3306,3999,4475
983,1848,3446,4498
984,3525,3931,4788
985,1127,1991,2707
986,2566,2815,2828
987,3735,4095,4968
988,3028,3036,4204
989,2703,3851,4693
991,1837,3837,4681
992,4475,4974,4977
994,3449,4195,4678
995,3662,4681,4873
997,3579,4108,4613
998,4864,4880,4900
1000,3550,4177,4507
1001,4886,4955,4973
1002,2348,3622,4972
1003,4851,4978,4996
1004,4119,4249,4806
1006,2523,4399,4769
1007,1875,3245,3922
1008,4225,4990,4991
1009,4970,4972,4996
1012,2743,4232,4950
1013,4735,4792,4796
1014,2101,2187,4742
1015,2208,3974,4063
1016,3366,4861,4919
1017,2740,4773,4907
1018,4233,4500,4858
1019,4230,4897,4944
1020,3609,4637,4951
1021,1045,1958,2612
1022,1183,4677,4691
1023,1095,4415,4797
1024,3891,4677,4691
1025,3608,3947,4439
1026,2870,3364,4089
1027,3266,3475,4251
1028,1875,3245,3922
1029,2506,4272,4804
1030,2000,4810,4975
1031,2590,4694,4890
1033,3739,4318,4499
1034,1808,2428,4862
1035,2445,2785,3140
1036,2804,4512,4516
1037,4478,4636,4718
1038,3921,4435,4704
1039,3321,4803,4991
1040,2441,4040,4772
1042,2216,4053,4477
1043,4222,4688,4959
1044,1412,2002,3384
1045,1958,2612,3157
1046,2044,2384,3837
1047,2933,3069,4140
1048,3167,3887,4474
1049,1454,3052,3400
1051,2815,2828,3186
1052,4216,4555,4565
1053,3973,4928,4949
1055,4508,4577,4580
1056,3981,4634,4914
1057,4324,4612,4855
1058,3263,4375,4624
1059,3688,4179,4535
1060,4633,4659,4971
1061,2144,2613,3527
1062,3823,4844,4886
1063,3407,3977,4309
1064,3625,4732,4814
1065,2324,3320,3694
1069,1119,2420,4302
1070,4917,4965,4991
1071,4925,4932,4958
1072,1178,2490,2531
1073,2558,2859,4690
1074,2388,3683,4741
1075,4240,4604,4891
1076,3951,4963,4994
1078,2585,4780,4900
1079,3977,4309,4916
1080,3256,4466,4478
1081,3823,4844,4886
1083,3151,4173,4229
1084,3299,4807,4993
1085,4748,4925,4932
1086,1100,3216,3636
1087,2533,4753,4959
1089,3331,4990,4991
1090,1358,3332,4926
1091,2076,4792,4796
1093,1973,3951,4963
1094,2192,4847,4987
1095,4415,4797,4973
1096,4269,4288,4542
1097,3805,4622,4870
1099,2820,3836,4370
1100,3216,3636,3638
1101,2520,2544,4141
1102,2961,4223,4986
1103,2853,3444,4148
1104,1909,3581,4185
1105,3340,3448,4913
1106,2359,2635,4477
1107,4508,4577,4580
1108,2376,3164,4118
1109,4820,4882,4999
1111,3418,3544,3877
1112,2103,4145,4959
1113,4332,4746,4753
1114,2626,2940,4521
1116,3837,4681,4873
1117,3218,3588,3766
1118,1624,2066,3635
1119,2420,4302,4675
1120,1437,3642,4277
1121,3591,3994,4211
1122,4399,4769,4972
1123,4113,4895,4999
1125,4204,4998,4999
1126,1296,2654,3254
1127,1991,2707,3321
1128,2664,4340,4342
1130,1708,3105,3741
1132,4985,4994,5000
1133,4855,4906,4976
1134,3330,3550,4177
1135,2681,2830,2899
1136,2252,3411,4233
1137,4479,4693,4746
1139,4910,4955,4973
1140,2324,3320,3694
1141,2337,4645,4870
1142,4512,4516,4913
1144,2434,2763,3218
1145,1651,4710,4908
1146,2959,3756,4826
1147,2410,3180,4527
1148,2732,2760,2842
1149,3398,3421,4272
1150,2137,2295,3863
1152,1545,4156,4501
1153,4213,4293,4972
1154,1821,2005,4619
1155,1561,4655,4799
1156,2341,4608,4769
1157,3543,3779,3875
1158,1261,2761,2938
1159,1822,3331,4990
1161,3407,3977,4309
1164,2570,2656,3664
1165,2195,3805,4622
1166,3891,4677,4691
1167,3548,4927,4942
1168,4578,4843,4884
1170,1946,3512,3821
1171,4277,4354,4963
1172,4486,4686,4753
1173,2922,4527,4959
1174,2949,3100,3427
1175,3728,4424,4949
1176,4487,4516,4913
1177,1298,4762,4946
1178,2490,2531,4496
1179,1291,3918,4579
1180,3957,4729,4921
1182,3186,4531,4963
1183,4677,4691,4776
1184,4572,4678,4740
1186,1731,3645,4768
1187,3551,3752,3759
1188,2777,3251,4744
1189,3493,4091,4268
1191,2020,3804,4142
1193,2841,3326,4744
1194,1344,4563,4568
1196,4706,4883,4948
1197,2265,3805,4622
1198,3354,4609,4880
1200,4760,4763,4805
1201,3559,3899,4814
1202,1500,4861,4919
1203,2462,4345,4582
1204,4184,4962,4994
1205,3798,4746,4753
1206,3273,4714,4779
1207,3217,4970,4972
1208,2032,3155,3319
1209,4185,4313,4563
1210,4718,4760,4763
1211,3381,3908,4608
1212,4666,4841,4959
1213,2378,3866,4445
1214,2998,3884,4129
1215,4592,4621,4875
1216,4226,4768,4785
1217,4402,4486,4686
1218,1352,3027,4426
1219,2731,4911,4956
1220,2067,3289,4776
1221,1487,3643,4475
1222,4841,4959,4992
1223,1813,3783,4202
1224,4507,4781,4885
1225,2022,4137,4640
1227,4057,4824,5000
1228,4498,4962,4994
1229,2211,4703,4865
1230,3906,4782,4918
1231,1316,2253,2453
1232,3269,4711,4785
1233,2570,2656,3664
1234,2847,3013,4701
1235,4118,4431,4796
1236,4188,4692,4870
1237,2567,4964,4975
1238,3859,4788,4975
1239,4045,4065,4799
1240,2623,3205,3622
1241,1745,4483,4917
1242,2888,3301,4019
1244,4587,4798,4922
1246,2064,3012,3435
1247,1315,2839,3682
1248,2123,2713,4609
1249,2906,3783,4202
1250,1505,2802,3638
1251,2181,3007,4723
1252,2389,3921,4435
1253,3909,4874,4904
1254,4672,4957,4986
1255,3702,4352,4756
1256,2372,3693,4432
1257,1608,4549,4746
1258,3595,4805,4861
1259,4728,4834,4985
1260,3273,4714,4779
1261,2761,2938,4661
1262,4187,4707,4895
1263,4662,4811,4855
1264,4951,4958,4983
1265,4956,4968,4988
1266,3743,4265,4885
1267,4219,4439,4793
1268,2822,4270,4541
1269,4702,4827,4864
1270,4048,4641,4955
1271,2300,4770,4911
1272,4146,4574,4927
1273,3968,4707,4895
1274,3565,4704,4834
1275,2199,2998,3884
1276,4358,4500,4858
1277,1631,4120,4301
1278,3889,4660,4731
1279,3571,3949,3955
1280,4387,4940,4990
1281,4268,4739,4759
1282,3260,4474,4720
1283,3500,4016,4550
1284,4508,4577,4580
1285,2341,4608,4769
1286,4938,4951,4958
1287,3222,4264,4276
1288,2270,2680,2931
1289,2690,4280,4567
1290,4400,4613,4761
1291,3918,4579,4904
1292,2071,3648,4427
1293,4724,4918,4955
1294,1465,2758,3101
1295,1749,3603,4329
1296,2654,3254,4102
1297,4864,4880,4900
1298,4762,4946,4960
1299,4865,4916,4923
1300,3633,4743,4990
1302,2385,4094,4265
1303,3768,4382,4693
1304,3538,4189,4701
1305,1530,2032,3155
1307,2947,3460,4356
1308,4829,4852,4869
1310,3857,4780,4900
1311,4935,4963,4994
1312,2466,4502,4987
1314,4604,4891,4998
1315,2839,3682,4833
1316,2253,2453,2482
1317,1905,3778,3963
1319,4858,4867,4986
1320,3312,4680,4884
1322,1841,3722,4585
1323,2408,4818,4823
1324,2893,4264,4276
1325,2198,4385,4744
1326,4955,4973,4992
1327,3335,3349,4968
1328,1748,4276,4747
1329,2676,4772,4820
1330,2884,4477,4728
1331,4340,4342,4969
1332,2260,4692,4870
1333,1363,3216,3636
1334,3874,4003,4038
1335,2760,2842,4396
1336,1771,3165,3531
1337,2026,4646,4721
1338,1585,3125,4213
1339,1579,3988,4200
1341,4087,4628,4690
1342,3584,3743,4265
1343,1448,1588,1799
1344,4563,4568,4583
1345,3474,3606,4920
1346,3119,4436,4519
1347,4026,4497,4943
1348,3054,4783,4834
1349,3357,4419,4892
1350,2955,3028,3036
1351,2143,2915,3023
1353,2345,2678,3654
1354,3192,4026,4497
1355,3445,3755,3855
1356,1968,2562,4342
1357,4153,4400,4613
1358,3332,4926,4930
1360,2502,4101,4981
1361,4614,4887,4934
1362,4219,4439,4793
1363,3216,3636,3638
1364,4970,4972,4996
1365,3496,3680,4653
1366,2408,4818,4823
1367,2640,3211,3912
1368,2006,2241,4907
1369,1490,1943,3481
1370,3859,4788,4975
1371,4358,4500,4858
1372,3423,4812,4978
1373,3215,3660,4858
1374,2592,2758,3101
1376,2538,3365,4205
1377,2459,2589,3286
1378,3373,4322,4564
1379,2954,3602,4378
1380,1758,3730,3840
1383,3007,4723,4784
1384,4238,4856,4970
1386,2149,4181,4402
1387,2236,3722,4585
1388,2044,2384,3837
1389,4141,4859,4926
1390,1728,3620,4242
1391,4834,4985,4994
1392,2434,2763,3218
1393,1665,3712,4514
1394,3844,4329,4407
1395,2788,2840,4479
1396,2739,3880,4602
1397,2919,4744,4833
1398,3749,4351,4791
1399,2764,2998,3884
1401,2485,3450,4604
1402,3190,4367,4462
1403,2356,4455,4738
1404,1843,3019,4163
1405,4202,4986,4997
1406,2511,3980,4318
1407,4802,4969,5000
1408,1600,3317,4410
1409,2537,3786,4807
1411,1414,1825,4495
1412,2002,3384,4283
1414,1825,4495,4632
1415,4385,4744,4833
1417,3212,4124,4270
1418,2841,3326,4744
1419,2453,2482,3044
1420,2625,3058,4710
1421,2490,2531,4496
1422,2120,4584,4954
1423,3110,3469,4775
1424,3069,4140,4851
1425,4710,4908,4909
1426,1605,2891,4198
1427,1656,3692,4601
1428,2948,3571,3949
1429,1764,4638,4766
1430,3810,4183,4348
1431,1957,3686,3917
1432,2686,4021,4856
1433,3091,4444,4514
1434,3396,4850,4932
1435,2240,2282,4292
1437,3642,4277,4354
1438,4241,4340,4342
1439,2275,3625,4732
1440,2019,4960,4977
1441,4927,4942,4947
1442,2437,4502,4987
1443,3437,4312,4689
1444,4341,4600,4727
1445,1542,2437,4502
1446,4509,4710,4908
1447,2840,4479,4693
1448,1588,1799,2443
1449,4964,4975,4993
1450,1490,1943,3481
1451,3205,3622,4972
1452,1512,4801,4972
1454,3052,3400,4578
1455,4641,4955,4973
1456,2966,3390,3917
1457,3044,3991,4232
1458,3218,3588,3766
1459,2986,4126,4647
1460,3721,3806,4103
1461,2706,3105,3741
1462,3777,4617,4910
1465,2758,3101,4782
1467,1612,3684,3708
1468,3329,4980,4990
1469,3667,4465,4794
1470,4056,4412,4683
1471,3146,4167,4757
1472,2565,4501,4904
1473,2400,2858,4150
1474,4600,4727,4890
1475,2756,3846,4255
1476,2693,3534,4803
1477,2177,4856,4970
1478,4950,4975,4993
1479,3864,4410,4801
1481,1874,2620,3178
1482,3859,4788,4975
1483,3353,3692,4601
1484,1504,3309,4142
1485,2103,4145,4959
1486,2597,2678,3654
1487,3643,4475,4974
1488,3810,4183,4348
1489,2127,2999,3819
1490,1943,3481,4008
1491,4510,4800,4804
1492,4637,4951,4958
1493,4287,4936,4966
1494,1724,2680,2931
1495,3180,4527,4959
1496,1602,2237,4292
1497,2829,3785,4215
1498,3100,3427,4225
1499,4202,4986,4997
1500,4861,4919,4988
1502,4305,4938,4951
1503,2718,3291,4423
1504,3309,4142,4554
1505,2802,3638,4437
1506,2176,2441,4040
1507,4820,4882,4999
1508,2795,4632,4932
1509,4257,4664,4952
1510,3848,4509,4710
1511,1797,3159,4376
1512,4801,4972,4996
1513,4050,4402,4486
1514,2119,3009,3272
1515,3104,4590,4917
1516,4667,4981,4999
1518,1912,4424,4949
1519,3661,3727,4147
1520,3897,4302,4675
1521,1838,3805,4622
1522,1968,2562,4342
1523,2743,4232,4950
1524,3442,4429,4902
1525,1632,4689,4995
1526,4387,4940,4990
1527,2771,4710,4908
1528,1561,4655,4799
1529,2501,4860,4961
1530,2032,3155,3319
1531,1539,2589,3286
1533,4608,4769,4972
1534,4301,4393,4653
1535,4060,4579,4904
1536,4064,4216,4555
1538,2215,4493,4905
1539,2589,3286,3834
1540,2610,4642,4733
1541,3579,4108,4613
1542,2437,4502,4987
1543,3063,4813,4924
1544,1772,4748,4925
1545,4156,4501,4904
1546,4970,4972,4996
1547,3065,4497,4943
1548,2817,4550,4761
1549,4305,4938,4951
1550,3469,4775,4979
1551,2916,3176,4215
1552,4450,4797,4973
1553,2379,2513,3427
1554,3065,4497,4943
1555,4551,4565,4891
1556,2152,3852,4625
1557,2821,4594,4663
1558,4998,4999,5000
1559,2079,3768,4382
1560,4253,4911,4956
1561,4655,4799,4860
1562,3306,3999,4475
1563,3683,4741,4744
1564,4005,4238,4856
1565,2861,4590,4917
1566,4304,4995,4999
1567,1765,4649,4801
1568,4157,4353,4878
1569,4599,4833,4976
1570,2557,4574,4927
1571,2627,4805,4861
1572,4276,4747,4846
1573,3508,3564,4256
1575,4123,4391,4587
1576,2090,2974,2981
1577,2264,3201,3454
1578,3043,4807,4993
1579,3988,4200,4405
1580,3583,4641,4955
1581,2473,3080,3875
1582,3768,4382,4693
1583,3198,3464,3871
1584,3421,4272,4804
1585,3125,4213,4293
1586,4948,4980,4990
1588,1799,2443,3873
1589,1968,2562,4342
1590,2085,3702,4352
1591,1752,2107,3961
1592,2797,4560,4759
1593,3089,3955,4171
1595,1882,4636,4718
1596,2774,4709,4926
1597,4417,4611,4736
1598,3745,3785,4215
1599,2609,2959,3756
1600,3317,4410,4801
1601,4048,4641,4955
1602,2237,4292,4504
1603,2452,3437,4312
1604,2232,4331,4627
1605,2891,4198,4464
1606,3261,3316,4283
1607,2123,2713,4609
1608,4549,4746,4753
1610,4743,4990,4991
1611,3780,4288,4542
1613,4505,4525,4588
1614,4439,4793,4971
1615,4387,4940,4990
1616,2211,4703,4865
1617,1922,4802,4969
1618,4328,4846,4965
1619,3552,4506,4520
1620,2394,4967,4974
1621,3757,4557,4744
1622,2596,3262,4400
1623,1683,2428,4862
1625,4272,4804,4898
1628,3038,3485,4945
1629,3935,4175,4818
1631,4120,4301,4393
1632,4689,4995,4999
1633,4310,4932,4958
1634,2931,3246,3804
1635,4701,4952,4998
1636,4674,4749,4831
1637,1715,2299,2445
1638,3164,4118,4431
1639,4277,4354,4963
1640,4504,4618,4975
1641,2429,3317,4410
1642,3193,4169,4953
1643,3195,4095,4968
1644,4015,4831,4940
1645,4618,4975,4993
1646,4389,4778,4830
1647,4930,4990,4991
1648,3343,4519,4874
1649,4632,4932,4958
1650,4835,4961,4964
1651,4710,4908,4909
1652,3642,4277,4354
1653,3356,3681,4793
1654,4084,4939,4998
1656,3692,4601,4746
1657,3909,4874,4904
1658,2738,2829,3785
1659,2791,3506,3518
1660,4581,4807,4993
1662,3841,4543,4725
1663,4410,4801,4972
1664,2330,4164,4578
1665,3712,4514,4812
1666,1943,3481,4008
1667,4661,4706,4883
1668,2507,2862,2909
1669,2968,4873,4929
1670,4495,4632,4932
1671,4189,4701,4952
1672,3125,4213,4293
1673,3734,4492,4637
1674,3844,4329,4407
1675,4169,4953,4995
1676,4984,4998,4999
1677,4269,4288,4542
1678,1882,4636,4718
1679,3923,4047,4048
1680,4598,4759,4905
1681,3457,4398,4713
1682,3502,4923,4965
1683,2428,4862,4886
1684,2154,4974,4977
1685,4221,4938,4951
1686,3436,4821,4870
1687,3889,4660,4731
1688,4486,4686,4753
1689,4819,4874,4904
1690,4374,4851,4978
1691,2841,3326,4744
1692,4578,4843,4884
1693,3356,3681,4793
1694,2502,4101,4981
1695,3664,4500,4858
1696,2128,4691,4776
1698,2252,3411,4233
1699,3791,4497,4943
1700,3473,4464,4537
1701,2096,3194,3661
1702,4733,4868,4930
1704,1757,3061,3223
1705,1744,2832,2929
1706,3836,4370,4755
1708,3105,3741,3859
1709,4952,4998,4999
1712,2851,3331,4990
1713,4515,4520,4974
1714,4397,4650,4936
1715,2299,2445,2785
1716,1724,2680,2931
1717,3549,3553,3726
1718,3192,4026,4497
1719,4694,4890,4962
1720,3274,3532,4493
1721,4030,4475,4974
1722,3642,4277,4354
1723,4052,4994,5000
1724,2680,2931,3246
1725,3365,4205,4836
1727,4048,4641,4955
1728,3620,4242,4400
1729,3913,4003,4038
1730,4312,4689,4995
1731,3645,4768,4785
1732,2254,3862,4370
1733,2537,3786,4807
1734,3565,4704,4834
1735,4200,4405,4618
1736,3671,4855,4906
1737,2408,4818,4823
1738,4987,4999,5000
1739,4023,4209,4436
1740,4678,4740,4968
1741,4287,4936,4966
1742,4217,4864,4880
1743,1946,3512,3821
1744,2832,2929,3173
1745,4483,4917,4965
1746,3895,4558,4957
1747,1835,1882,4636
1748,4276,4747,4846
1749,3603,4329,4407
1750,2896,4160,4815
1751,3709,4148,4549
1752,2107,3961,4298
1756,3351,4901,4962
1757,3061,3223,4038
1758,3730,3840,4533
1759,2037,2937,3967
1760,4126,4647,4910
1761,3536,4579,4904
1762,3885,3997,4246
1764,4638,4766,4839
1765,4649,4801,4972
1766,2810,3127,3530
1767,2959,3756,4826
1768,3767,4961,4964
1770,4092,4941,4960
1771,3165,3531,4902
1772,4748,4925,4932
1773,4109,4738,4863
1774,3940,4273,4743
1775,3017,4820,4882
1777,2379,2513,3427
1778,3378,4175,4818
1779,3360,4212,4829
1781,4956,4968,4988
1783,2116,3193,4169
1784,4700,4779,4873
1785,2010,4645,4870
1786,2628,3038,3485
1787,3307,4014,4185
1788,4571,4946,4960
1789,4263,4536,4601
1790,2427,3228,3956
1791,4863,4914,4937
1792,4140,4851,4978
1793,3641,4310,4932
1794,3330,3550,4177
1795,4061,4678,4740
1796,4262,4534,4972
1797,3159,4376,4555
1798,4007,4513,4911
1799,2443,3873,4166
1800,2684,3066,4903
1801,2231,4995,4999
1802,2554,4934,4946
1803,1848,3446,4498
1804,3605,4000,4657
1805,3986,4858,4867
1806,2872,4437,4901
1807,4251,4422,4501
1808,2428,4862,4886
1809,3256,4466,4478
1810,2379,2513,3427
1811,2067,3289,4776
1812,4370,4755,4823
1813,3783,4202,4986
1814,2344,3571,3949
1815,4404,4958,4983
1816,4086,4735,4792
1817,2542,3593,4593
1818,3390,3917,4146
1819,2220,2885,3650
1820,2163,3090,3195
1821,2005,4619,4825
1822,3331,4990,4991
1823,2263,4110,4346
1825,4495,4632,4932
1826,2327,3617,4264
1827,4952,4998,4999
1828,2046,4151,4447
1829,3031,3347,3850
1830,4201,4933,4987
1831,2926,3944,4307
1832,3084,4029,4682
1833,2487,3648,4427
1834,3179,4496,4885
1835,1882,4636,4718
1836,4864,4880,4900
1837,3837,4681,4873
1838,3805,4622,4870
1839,1953,3063,4813
1840,4716,4987,4999
1841,3722,4585,4778
1842,2870,3364,4089
1843,3019,4163,4443
1844,3487,4925,4932
1845,2494,3295,4987
1846,4196,4818,4823
1847,3901,4319,4568
1848,3446,4498,4962
1849,2186,2589,3286
1850,2809,3423,4812
1851,3282,4393,4653
1852,4962,4994,5000
1853,3359,4461,4985
1854,4620,4927,4942
1855,2445,2785,3140
1856,4314,4700,4779
1857,1921,2004,2462
1858,4853,4972,4996
1859,2781,4462,4541
1860,3652,4215,4292
1861,4976,4979,4990
1862,2257,2782,3902
1863,3190,4367,4462
1864,2459,2589,3286
1865,3351,4901,4962
1866,2882,3652,4215
1867,4602,4997,4998
1869,2010,4645,4870
1870,2537,3786,4807
1871,3817,3950,4745
1872,3535,4550,4761
1873,4759,4905,4907
1874,2620,3178,4002
1875,3245,3922,4340
1876,2438,2703,3851
1877,4052,4994,5000
1878,2925,3373,4322
1879,2713,4609,4880
1880,3763,4636,4718
1882,4636,4718,4760
1883,1950,3727,4147
1884,2382,2635,4477
1885,3317,4410,4801
1886,1977,4345,4582
1887,4863,4914,4937
1888,2019,4960,4977
1890,3812,4607,4767
1891,2474,3813,4197
1892,3212,4124,4270
1893,3497,4351,4791
1894,4738,4863,4914
1895,2279,2412,3683
1896,3267,3378,4175
1897,3549,3553,3726
1898,4003,4038,4898
1899,4853,4972,4996
1901,3252,4008,4833
1902,3029,4964,4975
1904,2875,3051,3933
1905,3778,3963,4555
1906,4744,4833,4976
1907,4337,4723,4784
1908,4781,4885,4898
1909,3581,4185,4313
1910,3417,4438,4861
1911,3223,4038,4898
1912,4424,4949,4979
1913,4928,4949,4979
1914,2163,3090,3195
1915,3907,4882,4999
1916,3157,4429,4902
1917,3277,4865,4916
1918,3631,3986,4858
1919,3722,4585,4778
1920,2679,4926,4930
1921,2004,2462,4345
1922,4802,4969,5000
1923,3794,4535,4679
1924,4223,4986,4997
1925,4108,4613,4761
1926,4692,4870,4964
1927,2719,2908,4235
1928,2448,4011,4550
1929,3019,4163,4443
1930,3992,4603,4969
1932,4932,4958,4983
1933,3105,3741,3859
1934,4398,4713,4894
1935,4888,4945,4947
1936,2416,3282,4393
1937,2731,4911,4956
1939,4991,4999,5000
1940,4176,4323,4346
1941,3522,3795,4980
1942,2915,3023,3753
1943,3481,4008,4833
1944,2357,4222,4688
1945,4673,4731,4785
1946,3512,3821,4719
1947,2699,2719,2908
1948,3985,4450,4797
1949,4189,4701,4952
1951,2945,4076,4455
1952,2981,3317,4410
1953,3063,4813,4924
1954,2995,4380,4847
1955,2462,4345,4582
1956,3859,4788,4975
1957,3686,3917,4146
1958,2612,3157,4429
1959,4886,4955,4973
1960,2470,3617,4264
1961,3546,3756,4826
1962,4494,4796,4924
1963,2048,3227,4815
1964,3191,3956,4253
1965,1975,4626,4900
1967,2058,3201,3454
1968,2562,4342,4969
1969,3750,4498,4962
1970,2471,3086,4093
1972,3375,3398,3421
1973,3951,4963,4994
1974,4953,4995,4999
1975,4626,4900,4976
1976,4872,4904,4975
1977,4345,4582,4874
1978,3702,4352,4756
1979,2497,4770,4911
1980,2878,3484,4592
1981,4517,4832,4860
1982,2204,3601,3890
1985,4065,4799,4860
1986,3803,3996,4458
1987,2571,3675,4571
1988,2004,2462,4345
1989,3104,4590,4917
1991,2707,3321,4803
1992,4938,4951,4958
1993,4899,4944,4985
1994,3299,4807,4993
1995,3150,4960,4977
1996,4057,4824,5000
1997,3880,4602,4997
1998,3043,4807,4993
2000,4810,4975,4993
2001,4875,4947,4982
2002,3384,4283,4787
2003,2703,3851,4693
2004,2462,4345,4582
2005,4619,4825,4857
2006,2241,4907,4997
2007,3966,4488,4647
2008,4814,4909,4956
2009,4920,4938,4951
2010,4645,4870,4964
2011,3355,3513,4536
2012,3423,4812,4978
2013,2724,2962,3366
2014,3000,4690,4807
2015,2135,3898,3981
2016,2116,3193,4169
2017,2025,2496,3133
2018,3341,4013,4707
2019,4960,4977,4987
2020,3804,4142,4554
2021,4023,4209,4436
2022,4137,4640,4960
2023,3102,4232,4950
2024,4025,4534,4972
2025,2496,3133,4132
2026,4646,4721,4971
2028,2908,4235,4593
2029,4844,4886,4955
2030,4875,4947,4982
2031,3098,4906,4976
2032,3155,3319,4944
2033,4058,4403,4689
2034,3700,4561,4641
2035,3326,4744,4833
2036,4231,4661,4706
2038,3647,4948,4980
2039,3836,4370,4755
2040,4857,4974,4977
2041,4185,4313,4563
2042,2792,4751,4925
2044,2384,3837,4681
2045,2987,3240,4292
2046,4151,4447,4784
2047,4629,4818,4823
2048,3227,4815,4860
2049,2708,3779,3875
2050,4015,4831,4940
2051,3181,4511,5000
2053,2821,4594,4663
2054,4857,4974,4977
2055,3585,4245,4371
2056,3224,3520,4802
2057,3872,4320,4506
2059,3134,3179,4496
2060,4716,4987,4999
2062,4598,4759,4905
2063,3438,3573,4786
2064,3012,3435,4017
2065,3499,3866,4445
2067,3289,4776,4790
2068,3500,4016,4550
2069,3549,3553,3726
2070,3596,4603,4969
2071,3648,4427,4525
2072,2417,4715,4765
2073,3133,4132,4543
2074,3650,4846,4965
2075,2826,4327,4885
2076,4792,4796,4924
2077,4681,4873,4929
2078,3242,3890,4554
2079,3768,4382,4693
2080,3721,3806,4103
2081,2528,3599,4649
2082,2533,4753,4959
2083,2107,3961,4298
2084,3709,4148,4549
2085,3702,4352,4756
2086,2528,3599,4649
2087,3671,4855,4906
2088,4995,4999,5000
2089,4774,4775,4979
2090,2974,2981,3317
2091,2624,2823,3389
2092,2637,3057,4745
2093,2747,4684,4714
2094,4114,4721,4971
2095,3711,3809,3936
2096,3194,3661,3727
2097,3113,4078,4367
2098,3740,4967,4974
2100,3410,3597,4351
2101,2187,4742,4841
2102,2646,3839,4978
2103,4145,4959,4992
2104,2233,3468,3776
2105,4694,4890,4962
2106,3333,4643,4778
2107,3961,4298,4299
2108,2570,2656,3664
2109,2948,3571,3949
2110,3195,4095,4968
2111,3602,4378,4437
2114,3013,4701,4952
2115,2355,4460,4554
2116,3193,4169,4953
2117,2270,2680,2931
2118,4782,4918,4955
2119,3009,3272,3611
2121,3757,4557,4744
2122,4416,4558,4957
2123,2713,4609,4880
2124,4099,4919,4988
2125,4152,4227,4290
2126,4936,4966,4974
2127,2999,3819,4360
2128,4691,4776,4790
2129,3439,4219,4439
2131,4252,4655,4799
2132,2893,4264,4276
2133,4394,4853,4972
2134,2870,3364,4089
2135,3898,3981,4634
2136,4204,4998,4999
2137,2295,3863,4239
2138,4342,4969,5000
2139,3427,4225,4990
2140,3798,4746,4753
2141,3222,4264,4276
2143,2915,3023,3753
2144,2613,3527,4396
2145,3803,3996,4458
2146,4675,4998,4999
2147,2164,4398,4713
2148,2992,3756,4826
2149,4181,4402,4486
2151,4227,4290,4329
2152,3852,4625,4808
2153,2614,4663,4931
2154,4974,4977,4987
2155,4744,4833,4976
2156,4262,4534,4972
2157,4545,4682,4970
2158,3644,4726,4901
2159,4160,4815,4860
2160,3946,4046,4945
2162,2988,3921,4435
2163,3090,3195,4095
2164,4398,4713,4894
2166,4647,4910,4955
2167,3335,3349,4968
2168,2467,2746,4371
2169,2293,4205,4836
2170,2680,2931,3246
2172,2235,4130,4336
2173,4260,4758,4996
2174,3611,3637,4747
2175,2975,4374,4851
2176,2441,4040,4772
2177,4856,4970,4972
2178,4311,4469,4876
2179,2439,3718,4470
2180,2605,4063,4490
2181,3007,4723,4784
2183,3456,4279,4341
2184,4049,4533,4871
2185,3576,3756,4826
2186,2589,3286,3834
2187,4742,4841,4959
2188,2869,3214,3668
2189,4877,4986,4997
2190,4130,4336,4393
2191,2555,4341,4600
2192,4847,4987,4999
2193,3060,3857,4780
2194,3451,3499,3866
2195,3805,4622,4870
2197,3503,3923,4047
2198,4385,4744,4833
2199,2998,3884,4129
2200,3319,4944,4985
2201,3077,3323,3955
2202,3383,3661,3727
2203,2970,4352,4756
2204,3601,3890,4554
2205,4970,4972,4996
2207,2271,3147,3190
2208,3974,4063,4490
2209,4269,4288,4542
2210,4642,4733,4868
2211,4703,4865,4916
2212,4568,4583,4866
2213,3216,3636,3638
2214,3267,3378,4175
2215,4493,4905,4907
2216,4053,4477,4728
2217,4546,4824,5000
2218,3324,3384,4283
2219,4980,4990,4991
2220,2885,3650,4846
2221,4672,4957,4986
2222,2235,4130,4336
2223,3122,3652,4215
2224,3953,3969,4883
2225,3981,4634,4914
2226,4890,4962,4994
2227,2662,3257,3671
2228,2387,4002,4191
2229,3132,4744,4833
2230,4610,4971,4986
2231,4995,4999,5000
2232,4331,4627,4942
2233,3468,3776,4030
2234,2410,3180,4527
2235,4130,4336,4393
2236,3722,4585,4778
2237,4292,4504,4618
2238,3489,4230,4897
2239,2625,3058,4710
2240,2282,4292,4504
2241,4907,4997,4998
2243,4746,4753,4959
2244,4606,4777,4951
2245,2854,4199,4226
2247,3221,3510,3707
2248,2915,3023,3753
2249,2367,3099,3570
2251,2874,3634,4199
2252,3411,4233,4500
2253,2453,2482,3044
2254,3862,4370,4755
2255,3205,3622,4972
2256,3700,4561,4641
2258,4833,4976,4979
2259,4513,4911,4956
2260,4692,4870,4964
2262,3101,4782,4918
2263,4110,4346,4595
2265,3805,4622,4870
2266,4605,4691,4776
2267,3771,4894,4940
2269,4309,4916,4923
2270,2680,2931,3246
2271,3147,3190,4367
2272,2431,3836,4370
2273,3152,3261,3316
2274,4177,4507,4781
2275,3625,4732,4814
2277,2790,4999,5000
2278,3146,4167,4757
2279,2412,3683,4741
2280,3924,4192,4339
2281,2408,4818,4823
2282,4292,4504,4618
2283,4617,4910,4955
2284,3567,3678,4848
2285,3310,3499,3866
2286,4325,4383,4748
2288,4842,4863,4914
2289,2572,3005,3544
2290,3069,4140,4851
2291,4030,4475,4974
2292,4739,4759,4905
2295,3863,4239,4954
2296,4802,4969,5000
2298,4477,4728,4834
2299,2445,2785,3140
2300,4770,4911,4956
2301,2428,4862,4886
2302,2778,3047,3370
2303,4178,4266,4413
2304,2736,3499,3866
2305,3578,3887,4474
2306,4719,4768,4785
2307,3395,3815,4536
2308,2663,4799,4860
2309,3957,4729,4921
2310,4632,4932,4958
2312,4276,4747,4846
2313,4729,4921,4942
2314,3476,4092,4941
2316,3081,4193,4895
2317,4096,4548,4764
2318,2697,4750,4852
2319,4747,4846,4965
2320,3689,4984,4998
2321,3214,3668,4012
2322,3241,4709,4926
2324,3320,3694,4195
2325,3401,4465,4794
2326,4466,4478,4636
2327,3617,4264,4276
2328,3069,4140,4851
2329,4604,4891,4998
2330,4164,4578,4843
2332,4053,4477,4728
2333,2353,4724,4918
2334,4923,4965,4991
2335,4593,4771,4878
2336,4351,4791,4939
2337,4645,4870,4964
2338,4410,4801,4972
2339,3391,4857,4974
2340,3806,4103,4448
2341,4608,4769,4972
2342,2859,4690,4807
2343,2360,4771,4878
2344,3571,3949,3955
2345,2678,3654,4824
2346,4301,4393,4653
2347,4941,4960,4977
2348,3622,4972,4996
2349,3666,4447,4784
2350,3616,4208,4431
2351,3932,4071,4974
2352,4447,4784,4991
2353,4724,4918,4955
2355,4460,4554,4681
2356,4455,4738,4863
2357,4222,4688,4959
2358,2706,3105,3741
2359,2635,4477,4728
2360,4771,4878,4954
2361,2640,3211,3912
2362,3029,4964,4975
2363,3483,4168,4811
2364,3396,4850,4932
2365,3089,3955,4171
2366,4842,4863,4914
2367,3099,3570,4583
2368,4213,4293,4972
2369,2688,4568,4583
2370,2716,3428,4356
2371,4386,4409,4444
2372,3693,4432,4958
2373,4319,4568,4583
2374,4939,4998,4999
2376,3164,4118,4431
2377,4081,4775,4979
2378,3866,4445,4752
2379,2513,3427,4225
2380,3450,4604,4891
2381,3252,4008,4833
2382,2635,4477,4728
2383,3336,4743,4990
2384,3837,4681,4873
2385,4094,4265,4885
2386,4025,4534,4972
2387,4002,4191,4903
2388,3683,4741,4744
2389,3921,4435,4704
2390,3905,4444,4514
2392,3494,3623,4471
2394,4967,4974,4977
2396,4965,4991,4999
2397,3690,4204,4998
2398,2434,2763,3218
2399,4366,4534,4972
2400,2858,4150,4492
2401,2764,2998,3884
2402,4741,4744,4833
2403,4124,4270,4541
2404,3565,4704,4834
2405,4351,4791,4939
2407,4088,4271,4429
2408,4818,4823,4959
2409,3208,4380,4847
2410,3180,4527,4959
2411,2832,2929,3173
2412,3683,4741,4744
2413,3005,3544,3877
2416,3282,4393,4653
2417,4715,4765,4864
2419,4600,4727,4890
2420,4302,4675,4998
2422,3063,4813,4924
2423,2623,3205,3622
2424,4122,4832,4860
2425,4313,4563,4568
2426,2580,3940,4273
2427,3228,3956,4253
2428,4862,4886,4955
2429,3317,4410,4801
2430,2625,3058,4710
2431,3836,4370,4755
2432,3927,3964,4937
2433,4412,4683,4956
2434,2763,3218,3588
2435,2717,4752,4809
2436,3690,4204,4998
2437,4502,4987,4999
2438,2703,3851,4693
2439,3718,4470,4649
2440,3372,4831,4940
2441,4040,4772,4820
2442,3042,3850,4953
2443,3873,4166,4387
2444,3910,4648,4843
2445,2785,3140,4985
2446,3461,4893,4933
2447,3661,3727,4147
2448,4011,4550,4761
2449,4950,4975,4993
2450,3737,4473,4739
2452,3437,4312,4689
2453,2482,3044,3991
2454,2524,3290,4943
2455,3219,4939,4998
2456,3032,3823,4844
2457,3903,4605,4691
2458,4821,4870,4964
2459,2589,3286,3834
2460,4509,4710,4908
2462,4345,4582,4874
2463,4967,4974,4977
2464,2711,4997,4998
2465,3991,4232,4950
2466,4502,4987,4999
2467,2746,4371,4871
2468,3414,4005,4238
2469,3390,3917,4146
2470,3617,4264,4276
2471,3086,4093,4510
2472,4482,4799,4860
2473,3080,3875,4730
2474,3813,4197,4978
2475,4997,4998,4999
2476,4301,4393,4653
2477,3791,4497,4943
2478,4904,4975,4993
2479,3136,4789,4890
2480,4434,4637,4951
2481,2728,3792,4334
2482,3044,3991,4232
2483,4596,4698,4724
2484,4402,4486,4686
2485,3450,4604,4891
2486,4732,4814,4909
2487,3648,4427,4525
2488,3519,4927,4942
2489,4569,4917,4965
2490,2531,4496,4885
2491,3023,3753,3917
2492,4629,4818,4823
2493,4903,4979,4990
2494,3295,4987,4999
2496,3133,4132,4543
2497,4770,4911,4956
2498,3860,4127,4946
2499,3824,4035,4702
2500,4717,4730,4983
2501,4860,4961,4964
2502,4101,4981,4999
2503,2553,4609,4880
2505,2861,4590,4917
2506,4272,4804,4898
2507,2862,2909,4239
2508,4453,4582,4874
2509,3754,4006,4726
2510,2933,3069,4140
2511,3980,4318,4499
2512,2559,4237,4832
2513,3427,4225,4990
2514,2977,3568,4350
2516,2603,3611,3637
2517,3174,3398,3421
2518,4760,4763,4805
2519,4083,4916,4923
2520,2544,4141,4859
2521,4587,4798,4922
2523,4399,4769,4972
2524,3290,4943,4950
2526,4740,4968,4988
2527,4520,4974,4977
2528,3599,4649,4801
2529,4240,4604,4891
2530,2970,4352,4756
2531,4496,4885,4898
2532,3738,4714,4779
2533,4753,4959,4992
2534,4048,4641,4955
2535,3324,3384,4283
2537,3786,4807,4993
2538,3365,4205,4836
2539,4152,4227,4290
2540,3076,3535,4550
2542,3593,4593,4771
2543,4018,4770,4911
2544,4141,4859,4926
2545,3666,4447,4784
2547,4918,4955,4973
2548,4530,4728,4834
2549,3649,4015,4831
2550,2577,3144,4182
2551,4626,4900,4976
2552,2744,3448,4913
2553,4609,4880,4900
2554,4934,4946,4960
2555,4341,4600,4727
2556,3561,3638,4437
2557,4574,4927,4942
2558,2859,4690,4807
2559,4237,4832,4860
2560,4384,4651,4890
2561,2631,4665,4815
2562,4342,4969,5000
2564,4572,4678,4740
2565,4501,4904,4975
2566,2815,2828,3186
2567,4964,4975,4993
2568,4811,4855,4906
2569,4050,4402,4486
2570,2656,3664,4500
2571,3675,4571,4946
2572,3005,3544,3877
2573,3685,3920,4158
2575,3331,4990,4991
2576,3863,4239,4954
2577,3144,4182,4546
2578,2616,2938,4661
2579,4615,4670,4728
2580,3940,4273,4743
2581,4145,4959,4992
2582,3892,4141,4859
2583,3476,4092,4941
2584,4235,4593,4771
2585,4780,4900,4976
2586,3604,4352,4756
2587,4461,4985,4994
2589,3286,3834,4615
2590,4694,4890,4962
2591,3627,4992,4997
2592,2758,3101,4782
2593,4562,4966,4974
2594,4266,4413,4944
2595,4156,4501,4904
2596,3262,4400,4613
2597,2678,3654,4824
2598,3310,3499,3866
2599,4881,4910,4955
2600,4611,4736,4994
2601,4564,4582,4874
2602,3836,4370,4755
2603,3611,3637,4747
2604,4912,4929,4934
2605,4063,4490,4894
2606,3934,4473,4739
2607,4231,4661,4706
2608,4963,4994,5000
2609,2959,3756,4826
2610,4642,4733,4868
2611,4635,4900,4976
2612,3157,4429,4902
2613,3527,4396,4403
2614,4663,4931,4952
2615,3876,4511,5000
2616,2938,4661,4706
2617,4261,4792,4796
2618,3381,3908,4608
2620,3178,4002,4191
2621,3306,3999,4475
2622,3242,3890,4554
2623,3205,3622,4972
2624,2823,3389,4167
2625,3058,4710,4908
2626,2940,4521,4685
2627,4805,4861,4919
2628,3038,3485,4945
2629,3239,4870,4964
2630,3184,4269,4288
2631,4665,4815,4860
2632,4857,4974,4977
2634,2672,4233,4500
2635,4477,4728,4834
2636,3694,4195,4678
2637,3057,4745,4761
2638,3375,3398,3421
2639,3551,3752,3759
2640,3211,3912,3972
2641,3294,4607,4767
2642,4316,4499,4830
2643,2647,3597,4351
2644,2704,3702,4352
2645,3744,4901,4962
2646,3839,4978,4996
2647,3597,4351,4791
2648,3077,3323,3955
2649,2815,2828,3186
2650,3160,3783,4202
2652,4490,4894,4940
2653,3968,4707,4895
2654,3254,4102,4133
2655,2835,3680,4653
2656,3664,4500,4858
2657,3845,4999,5000
2658,3968,4707,4895
2659,3388,4721,4971
2660,4437,4901,4962
2661,4061,4678,4740
2662,3257,3671,4855
2663,4799,4860,4961
2664,4340,4342,4969
2665,4171,4369,4405
2668,2953,2987,3240
2669,4319,4568,4583
2670,4238,4856,4970
2671,4610,4971,4986
2672,4233,4500,4858
2673,4823,4959,4992
2674,4781,4885,4898
2675,3428,4356,4463
2676,4772,4820,4882
2678,3654,4824,5000
2679,4926,4930,4990
2680,2931,3246,3804
2681,2830,2899,3307
2682,3915,4776,4790
2683,3587,3949,3955
2684,3066,4903,4979
2685,3505,4803,4991
2686,4021,4856,4970
2687,4528,4728,4834
2688,4568,4583,4866
2689,4455,4738,4863
2690,4280,4567,4671
2691,4435,4704,4834
2692,3838,4432,4958
2693,3534,4803,4991
2694,3799,4775,4979
2695,4017,4302,4675
2696,4939,4998,4999
2697,4750,4852,4869
2698,4729,4921,4942
2699,2719,2908,4235
2700,2938,4661,4706
2701,3805,4622,4870
2702,3694,4195,4678
2703,3851,4693,4746
2704,3702,4352,4756
2705,3501,4962,4994
2706,3105,3741,3859
2707,3321,4803,4991
2708,3779,3875,4730
2709,4320,4506,4520
2710,2989,4986,4997
2711,4997,4998,4999
2713,4609,4880,4900
2714,4900,4976,4979
2715,3676,3879,4262
2716,3428,4356,4463
2717,4752,4809,4937
2718,3291,4423,4977
2719,2908,4235,4593
2720,4268,4739,4759
2721,3667,4465,4794
2722,3503,3923,4047
2723,3507,4591,4976
2724,2962,3366,4861
2725,2783,3550,4177
2726,4790,4945,4947
2727,3220,4384,4651
2728,3792,4334,4369
2729,3289,4776,4790
2730,3316,4283,4787
2731,4911,4956,4968
2732,2760,2842,4396
2733,3660,4858,4867
2734,4370,4755,4823
2735,3918,4579,4904
2736,3499,3866,4445
2737,3252,4008,4833
2738,2829,3785,4215
2739,3880,4602,4997
2740,4773,4907,4997
2741,2787,3101,4782
2742,3813,4197,4978
2743,4232,4950,4975
2744,3448,4913,5000
2745,3425,4185,4313
2746,4371,4871,4979
2747,4684,4714,4779
2748,4704,4834,4985
2749,4299,4429,4902
2750,3110,3469,4775
2751,4272,4804,4898
2752,4873,4929,4934
2753,4817,4882,4999
2754,3465,4846,4965
2755,3740,4967,4974
2756,3846,4255,4775
2757,3652,4215,4292
2758,3101,4782,4918
2759,2957,4859,4926
2760,2842,4396,4403
2761,2938,4661,4706
2762,3190,4367,4462
2763,3218,3588,3766
2764,2998,3884,4129
2765,3769,4925,4932
2766,3998,4960,4977
2767,3011,3701,4080
2769,4650,4936,4966
2770,4578,4843,4884
2771,4710,4908,4909
2772,3581,4185,4313
2773,4886,4955,4973
2774,4709,4926,4930
2775,4793,4971,4986
2776,4153,4400,4613
2777,3251,4744,4833
2778,3047,3370,3423
2779,3900,4568,4583
2780,2955,3028,3036
2781,4462,4541,4550
2783,3550,4177,4507
2784,4083,4916,4923
2785,3140,4985,4994
2786,4304,4995,4999
2787,3101,4782,4918
2788,2840,4479,4693
2789,4247,4935,4963
2791,3506,3518,3917
2792,4751,4925,4932
2793,4725,4983,4985
2794,4135,4984,4998
2795,4632,4932,4958
2797,4560,4759,4905
2798,3132,4744,4833
2799,4066,4564,4582
2800,4726,4901,4962
2801,2904,3900,4568
2802,3638,4437,4901
2804,4512,4516,4913
2805,4998,4999,5000
2806,3700,4561,4641
2807,3437,4312,4689
2808,2982,4026,4497
2809,3423,4812,4978
2810,3127,3530,4797
2811,4909,4956,4968
2812,4266,4413,4944
2813,3064,3502,4923
2814,3457,4398,4713
2815,2828,3186,4531
2816,3955,4171,4369
2817,4550,4761,4775
2818,3281,4362,4564
2819,3180,4527,4959
2820,3836,4370,4755
2821,4594,4663,4931
2822,4270,4541,4550
2823,3389,4167,4757
2825,3652,4215,4292
2826,4327,4885,4898
2828,3186,4531,4963
2829,3785,4215,4292
2830,2899,3307,4014
2831,4037,4150,4492
2832,2929,3173,4436
2834,4442,4444,4514
2835,3680,4653,4824
2836,3853,4616,4699
2837,4165,4817,4882
2838,3086,4093,4510
2839,3682,4833,4976
2840,4479,4693,4746
2841,3326,4744,4833
2842,4396,4403,4689
2843,4023,4209,4436
2844,4770,4911,4956
2845,3657,3898,3981
2846,2995,4380,4847
2847,3013,4701,4952
2848,3405,4550,4761
2849,3493,4091,4268
2850,3581,4185,4313
2851,3331,4990,4991
2852,3905,4444,4514
2853,3444,4148,4549
2854,4199,4226,4768
2855,2983,4416,4558
2856,4118,4431,4796
2857,4020,4104,4397
2858,4150,4492,4637
2859,4690,4807,4993
2860,4352,4756,4863
2861,4590,4917,4965
2862,2909,4239,4954
2863,4801,4972,4996
2865,4060,4579,4904
2866,3302,4516,4913
2867,2888,3301,4019
2868,3545,4527,4959
2869,3214,3668,4012
2870,3364,4089,4915
2871,3304,3832,4530
2872,4437,4901,4962
2873,3961,4298,4299
2874,3634,4199,4226
2875,3051,3933,4338
2876,3032,3823,4844
2877,3633,4743,4990
2878,3484,4592,4621
2879,3772,4176,4323
2880,3956,4253,4911
2881,4564,4582,4874
2882,3652,4215,4292
2883,3653,4654,4795
2884,4477,4728,4834
2885,3650,4846,4965
2886,3145,4613,4761
2887,2927,3358,4178
2888,3301,4019,4518
2889,3911,4908,4909
2890,3647,4948,4980
2891,4198,4464,4537
2893,4264,4276,4747
2894,3091,4444,4514
2895,3093,3344,3915
2896,4160,4815,4860
2897,4415,4797,4973
2898,3092,4004,4026
2899,3307,4014,4185
2900,3235,4985,4994
2901,3050,4826,4962
2902,2946,3356,3681
2903,2959,3756,4826
2904,3900,4568,4583
2905,3717,3833,4303
2906,3783,4202,4986
2907,4141,4859,4926
2908,4235,4593,4771
2910,3369,4769,4972
2911,3702,4352,4756
2912,3114,4807,4993
2913,4920,4938,4951
2914,4490,4894,4940
2915,3023,3753,3917
2916,3176,4215,4292
2917,3049,4600,4727
2919,4744,4833,4976
2920,4124,4270,4541
2922,4527,4959,4992
2923,3075,3290,4943
2924,3877,4109,4738
2925,3373,4322,4564
2926,3944,4307,4502
2927,3358,4178,4266
2928,3109,3833,4303
2929,3173,4436,4519
2930,4784,4991,4999
2931,3246,3804,4142
2932,3984,4025,4534
2933,3069,4140,4851
2935,4145,4959,4992
2936,4244,4925,4932
2938,4661,4706,4883
2939,3200,3429,4546
2941,3180,4527,4959
2942,3236,4144,4358
2944,3579,4108,4613
2945,4076,4455,4738
2946,3356,3681,4793
2947,3460,4356,4463
2948,3571,3949,3955
2949,3100,3427,4225
2950,4593,4771,4878
2951,3499,3866,4445
2952,4371,4871,4979
2953,2987,3240,4292
2954,3602,4378,4437
2955,3028,3036,4204
2956,3861,4933,4987
2957,4859,4926,4930
2958,3465,4846,4965
2959,3756,4826,4962
2960,3149,3251,4744
2961,4223,4986,4997
2962,3366,4861,4919
2964,4156,4501,4904
2965,4256,4844,4886
2966,3390,3917,4146
2967,4369,4405,4618
2968,4873,4929,4934
2969,4188,4692,4870
2970,4352,4756,4863
2971,4203,4981,4999
2972,4759,4905,4907
2973,3828,4401,4626
2974,2981,3317,4410
2975,4374,4851,4978
2976,3584,3743,4265
2977,3568,4350,4516
2978,3160,3783,4202
2979,4341,4600,4727
2980,4598,4759,4905
2981,3317,4410,4801
2982,4026,4497,4943
2983,4416,4558,4957
2984,3861,4933,4987
2985,4108,4613,4761
2986,4126,4647,4910
2987,3240,4292,4504
2988,3921,4435,4704
2989,4986,4997,4998
2991,3981,4634,4914
2992,3756,4826,4962
2993,3281,4362,4564
2994,4376,4555,4565
2995,4380,4847,4987
2996,4823,4959,4992
2998,3884,4129,4131
2999,3819,4360,4783
3000,4690,4807,4993
3001,4319,4568,4583
3002,3276,4288,4542
3003,3673,4675,4998
3005,3544,3877,4109
3006,4860,4961,4964
3007,4723,4784,4991
3008,3318,3746,4132
3009,3272,3611,3637
3010,3370,3423,4812
3011,3701,4080,4529
3012,3435,4017,4302
3013,4701,4952,4998
3014,3685,3920,4158
3015,4887,4934,4946
3016,3393,3431,4136
3017,4820,4882,4999
3018,3056,4904,4975
3019,4163,4443,4758
3020,3384,4283,4787
3021,3088,4265,4885
3022,4300,4420,4795
3023,3753,3917,4146
3025,4035,4702,4827
3026,3972,4141,4859
3028,3036,4204,4998
3029,4964,4975,4993
3030,4569,4917,4965
3031,3347,3850,4953
3032,3823,4844,4886
3034,3102,4232,4950
3035,3373,4322,4564
3036,4204,4998,4999
3037,3608,3947,4439
3038,3485,4945,4947
3039,4721,4971,4986
3040,3559,3899,4814
3041,3427,4225,4990
3042,3850,4953,4995
3043,4807,4993,4998
3044,3991,4232,4950
3045,4715,4765,4864
3046,4046,4945,4947
3047,3370,3423,4812
3048,4540,4717,4730
3049,4600,4727,4890
3050,4826,4962,4994
3052,3400,4578,4843
3053,3060,3857,4780
3054,4783,4834,4985
3056,4904,4975,4993
3057,4745,4761,4775
3058,4710,4908,4909
3060,3857,4780,4900
3061,3223,4038,4898
3062,4765,4864,4880
3064,3502,4923,4965
3065,4497,4943,4950
3066,4903,4979,4990
3067,4260,4758,4996
3068,3144,4182,4546
3069,4140,4851,4978
3071,4840,4876,4915
3072,3506,3518,3917
3073,3595,4805,4861
3074,3605,4000,4657
3075,3290,4943,4950
3076,3535,4550,4761
3077,3323,3955,4171
3078,3815,4536,4601
3079,3960,4472,4562
3080,3875,4730,4983
3081,4193,4895,4999
3084,4029,4682,4970
3085,3945,4349,4763
3086,4093,4510,4800
3087,4207,4647,4910
3088,4265,4885,4898
3089,3955,4171,4369
3090,3195,4095,4968
3091,4444,4514,4812
3092,4004,4026,4497
3093,3344,3915,4776
3094,3630,4368,4801
3096,4577,4580,4815
3097,3102,4232,4950
3098,4906,4976,4979
3099,3570,4583,4866
3100,3427,4225,4990
3101,4782,4918,4955
3102,4232,4950,4975
3103,3991,4232,4950
3104,4590,4917,4965
3105,3741,3859,4788
3106,4531,4963,4994
3107,4774,4775,4979
3108,4290,4329,4407
3109,3833,4303,4545
3110,3469,4775,4979
3111,4795,4990,4991
3112,3628,4684,4714
3113,4078,4367,4462
3114,4807,4993,4998
3115,4168,4811,4855
3116,3738,4714,4779
3117,4154,4547,4898
3118,4301,4393,4653
3119,4436,4519,4874
3120,4190,4631,4659
3121,3364,4089,4915
3122,3652,4215,4292
3123,4959,4992,4997
3124,4854,4912,4929
3125,4213,4293,4972
3126,3229,4245,4371
3127,3530,4797,4973
3128,3999,4475,4974
3129,4137,4640,4960
3130,3192,4026,4497
3131,3475,4251,4422
3132,4744,4833,4976
3133,4132,4543,4725
3134,3179,4496,4885
3135,4787,4987,4999
3136,4789,4890,4962
3137,4091,4268,4739
3138,3915,4776,4790
3139,3603,4329,4407
3140,4985,4994,5000
3141,3899,4814,4909
3142,4877,4986,4997
3144,4182,4546,4824
3145,4613,4761,4775
3146,4167,4757,4834
3147,3190,4367,4462
3148,3806,4103,4448
3149,3251,4744,4833
3150,4960,4977,4987
3151,4173,4229,4499
3152,3261,3316,4283
3153,3551,3752,3759
3154,4595,4794,4871
3155,3319,4944,4985
3156,4841,4959,4992
3157,4429,4902,4927
3158,4297,4592,4621
3159,4376,4555,4565
3160,3783,4202,4986
3161,4637,4951,4958
3162,3423,4812,4978
3163,3249,3362,3788
3164,4118,4431,4796
3165,3531,4902,4927
3166,3893,4353,4878
3167,3887,4474,4720
3168,4298,4299,4429
3169,4162,4694,4890
3170,4609,4880,4900
3171,3794,4535,4679
3172,4548,4764,4840
3173,4436,4519,4874
3174,3398,3421,4272
3175,3643,4475,4974
3176,4215,4292,4504
3177,3816,4337,4723
3178,4002,4191,4903
3179,4496,4885,4898
3180,4527,4959,4992
3182,3815,4536,4601
3183,4351,4791,4939
3184,4269,4288,4542
3185,4287,4936,4966
3186,4531,4963,4994
3187,4769,4972,4996
3188,3282,4393,4653
3189,3433,4674,4749
3190,4367,4462,4541
3191,3956,4253,4911
3192,4026,4497,4943
3193,4169,4953,4995
3194,3661,3727,4147
3195,4095,4968,4988
3197,3224,3520,4802
3199,3717,3833,4303
3200,3429,4546,4824
3202,3892,4141,4859
3203,3567,3678,4848
3204,4087,4628,4690
3205,3622,4972,4996
3206,4399,4769,4972
3207,4493,4905,4907
3208,4380,4847,4987
3209,3663,4107,4685
3210,4342,4969,5000
3211,3912,3972,4141
3212,4124,4270,4541
3213,4587,4798,4922
3214,3668,4012,4972
3215,3660,4858,4867
3216,3636,3638,4437
3217,4970,4972,4996
3218,3588,3766,4864
3219,4939,4998,4999
3220,4384,4651,4890
3221,3510,3707,3973
3222,4264,4276,4747
3224,3520,4802,4969
3225,3482,4489,4579
3226,3298,4736,4994
3227,4815,4860,4961
3228,3956,4253,4911
3229,4245,4371,4871
3230,3600,4371,4871
3231,3455,4261,4792
3232,3409,3667,4465
3233,4792,4796,4924
3234,4260,4758,4996
3235,4985,4994,5000
3236,4144,4358,4500
3237,3716,4060,4579
3238,3784,4963,4994
3239,4870,4964,4975
3240,4292,4504,4618
3241,4709,4926,4930
3242,3890,4554,4681
3243,4105,4876,4915
3244,4562,4966,4974
3245,3922,4340,4342
3246,3804,4142,4554
3247,4345,4582,4874
3248,3276,4288,4542
3249,3362,3788,4669
3250,4339,4697,4706
3251,4744,4833,4976
3252,4008,4833,4976
3253,4948,4980,4990
3254,4102,4133,4134
3255,4319,4568,4583
3256,4466,4478,4636
3257,3671,4855,4906
3258,3520,4802,4969
3260,4474,4720,4797
3261,3316,4283,4787
3262,4400,4613,4761
3263,4375,4624,4740
3264,3579,4108,4613
3265,4411,4737,4976
3266,3475,4251,4422
3267,3378,4175,4818
3268,3865,4001,4456
3270,3413,4982,4999
3271,3724,3990,4085
3272,3611,3637,4747
3273,4714,4779,4873
3274,3532,4493,4905
3276,4288,4542,4956
3277,4865,4916,4923
3278,4683,4956,4968
3279,3424,4095,4968
3280,3523,4641,4955
3281,4362,4564,4582
3282,4393,4653,4824
3283,3577,4420,4795
3284,4910,4955,4973
3285,3767,4961,4964
3286,3834,4615,4670
3287,4603,4969,5000
3288,4974,4977,4987
3289,4776,4790,4945
3290,4943,4950,4975
3291,4423,4977,4987
3292,4734,4760,4763
3293,3797,4302,4675
3294,4607,4767,4838
3295,4987,4999,5000
3296,4568,4583,4866
3297,3985,4450,4797
3298,4736,4994,5000
3299,4807,4993,4998
3300,4555,4565,4891
3301,4019,4518,4590
3302,4516,4913,5000
3303,3654,4824,5000
3304,3832,4530,4728
3305,4691,4776,4790
3306,3999,4475,4974
3307,4014,4185,4313
3308,3628,4684,4714
3309,4142,4554,4681
3310,3499,3866,4445
3311,4358,4500,4858
3312,4680,4884,4901
3313,4610,4971,4986
3314,4965,4991,4999
3315,3626,3862,4370
3316,4283,4787,4987
3317,4410,4801,4972
3318,3746,4132,4543
3319,4944,4985,4994
3320,3694,4195,4678
3321,4803,4991,4999
3322,3787,4666,4841
3323,3955,4171,4369
3324,3384,4283,4787
3325,3760,4958,4983
3326,4744,4833,4976
3327,4061,4678,4740
3328,3620,4242,4400
3329,4980,4990,4991
3330,3550,4177,4507
3331,4990,4991,4999
3332,4926,4930,4990
3333,4643,4778,4830
3334,4828,4989,4991
3335,3349,4968,4988
3336,4743,4990,4991
3337,3343,4519,4874
3338,4704,4834,4985
3340,3448,4913,5000
3341,4013,4707,4895
3342,3954,4553,4961
3343,4519,4874,4904
3344,3915,4776,4790
3346,4805,4861,4919
3347,3850,4953,4995
3348,4987,4999,5000
3349,4968,4988,4990
3350,4087,4628,4690
3351,4901,4962,4994
3353,3692,4601,4746
3354,4609,4880,4900
3355,3513,4536,4601
3356,3681,4793,4971
3358,4178,4266,4413
3359,4461,4985,4994
3360,4212,4829,4852
3361,4159,4256,4844
3362,3788,4669,4766
3363,4087,4628,4690
3364,4089,4915,4934
3366,4861,4919,4988
3368,4771,4878,4954
3369,4769,4972,4996
3370,3423,4812,4978
3371,4926,4930,4990
3372,4831,4940,4990
3373,4322,4564,4582
3374,4819,4874,4904
3375,3398,3421,4272
3376,4756,4863,4914
3377,4782,4918,4955
3378,4175,4818,4823
3379,4977,4987,4999
3380,3821,4719,4768
3381,3908,4608,4769
3382,3678,4848,4897
3383,3661,3727,4147
3384,4283,4787,4987
3385,3687,4088,4271
3386,4070,4749,4831
3387,3580,4956,4968
3388,4721,4971,4986
3389,4167,4757,4834
3390,3917,4146,4574
3391,4857,4974,4977
3392,4753,4959,4992
3393,3431,4136,4706
3394,4233,4500,4858
3395,3815,4536,4601
3396,4850,4932,4958
3397,4131,4862,4886
3398,3421,4272,4804
3399,4396,4403,4689
3400,4578,4843,4884
3401,4465,4794,4871
3402,3658,4248,4582
3403,3946,4046,4945
3404,3633,4743,4990
3405,4550,4761,4775
3406,4893,4933,4987
3407,3977,4309,4916
3408,4757,4834,4985
3409,3667,4465,4794
3410,3597,4351,4791
3411,4233,4500,4858
3412,3494,3623,4471
3413,4982,4999,5000
3414,4005,4238,4856
3415,4105,4876,4915
3416,3924,4192,4339
3417,4438,4861,4919
3418,3544,3877,4109
3419,4232,4950,4975
3420,4540,4717,4730
3421,4272,4804,4898
3422,4630,4767,4838
3423,4812,4978,4996
3424,4095,4968,4988
3425,4185,4313,4563
3427,4225,4990,4991
3429,4546,4824,5000
3430,3434,3677,4119
3431,4136,4706,4883
3432,3663,4107,4685
3433,4674,4749,4831
3434,3677,4119,4249
3435,4017,4302,4675
3436,4821,4870,4964
3437,4312,4689,4995
3438,3573,4786,4885
3439,4219,4439,4793
3440,3842,4937,4983
3441,4017,4302,4675
3442,4429,4902,4927
3443,3909,4874,4904
3444,4148,4549,4746
3445,3755,3855,4733
3446,4498,4962,4994
3447,4952,4998,4999
3449,4195,4678,4740
3450,4604,4891,4998
3451,3499,3866,4445
3452,4237,4832,4860
3455,4261,4792,4796
3456,4279,4341,4600
3457,4398,4713,4894
3458,4998,4999,5000
3459,4857,4974,4977
3461,4893,4933,4987
3463,4948,4980,4990
3465,4846,4965,4991
3466,3823,4844,4886
3467,3533,4402,4486
3468,3776,4030,4475
3469,4775,4979,4990
3470,4111,4178,4266
3471,4161,4658,4833
3472,4912,4929,4934
3473,4464,4537,4813
3474,3606,4920,4938
3475,4251,4422,4501
3476,4092,4941,4960
3477,3519,4927,4942
3478,4700,4779,4873
3479,3491,4593,4771
3481,4008,4833,4976
3482,4489,4579,4904
3483,4168,4811,4855
3484,4592,4621,4875
3485,4945,4947,4982
3486,4974,4977,4987
3487,4925,4932,4958
3489,4230,4897,4944
3491,4593,4771,4878
3492,4989,4991,4999
3493,4091,4268,4739
3494,3623,4471,4855
3495,4347,4366,4534
3496,3680,4653,4824
3497,4351,4791,4939
3499,3866,4445,4752
3500,4016,4550,4761
3501,4962,4994,5000
3502,4923,4965,4991
3503,3923,4047,4048
3504,4551,4565,4891
3505,4803,4991,4999
3506,3518,3917,4146
3507,4591,4976,4979
3508,3564,4256,4844
3509,4061,4678,4740
3510,3707,3973,4928
3511,4541,4550,4761
3512,3821,4719,4768
3513,4536,4601,4746
3514,3580,4956,4968
3515,4155,4520,4974
3517,4282,4645,4870
3518,3917,4146,4574
3519,4927,4942,4947
3520,4802,4969,5000
3522,3795,4980,4990
3523,4641,4955,4973
3524,4219,4439,4793
3525,3931,4788,4975
3526,4588,4933,4987
3527,4396,4403,4689
3528,4099,4919,4988
3529,4300,4420,4795
3530,4797,4973,4992
3531,4902,4927,4942
3532,4493,4905,4907
3533,4402,4486,4686
3534,4803,4991,4999
3535,4550,4761,4775
3536,4579,4904,4975
3537,4333,4642,4733
3538,4189,4701,4952
3539,3622,4972,4996
3540,4203,4981,4999
3542,4703,4865,4916
3543,3779,3875,4730
3544,3877,4109,4738
3545,4527,4959,4992
3546,3756,4826,4962
3547,4654,4795,4990
3548,4927,4942,4947
3549,3553,3726,4138
3550,4177,4507,4781
3551,3752,3759,4989
3552,4506,4520,4974
3553,3726,4138,4537
3554,4841,4959,4992
3555,4979,4990,4991
3556,4705,4837,4996
3557,4331,4627,4942
3559,3899,4814,4909
3560,3746,4132,4543
3561,3638,4437,4901
3562,4905,4907,4997
3563,4377,4986,4997
3564,4256,4844,4886
3565,4704,4834,4985
3566,4624,4740,4968
3567,3678,4848,4897
3568,4350,4516,4913
3569,4381,4400,4613
3570,4583,4866,4938
3571,3949,3955,4171
3572,4614,4887,4934
3573,4786,4885,4898
3575,4468,4562,4966
3576,3756,4826,4962
3577,4420,4795,4990
3578,3887,4474,4720
3579,4108,4613,4761
3580,4956,4968,4988
3581,4185,4313,4563
3582,3767,4961,4964
3583,4641,4955,4973
3584,3743,4265,4885
3585,4245,4371,4871
3587,3949,3955,4171
3588,3766,4864,4880
3591,3994,4211,4354
3592,4894,4940,4990
3593,4593,4771,4878
3594,4535,4679,4972
3595,4805,4861,4919
3596,4603,4969,5000
3597,4351,4791,4939
3598,4576,4971,4986
3599,4649,4801,4972
3600,4371,4871,4979
3601,3890,4554,4681
3602,4378,4437,4901
3604,4352,4756,4863
3605,4000,4657,4958
3606,4920,4938,4951
3607,3750,4498,4962
3608,3947,4439,4793
3609,4637,4951,4958
3611,3637,4747,4846
3612,4545,4682,4970
3613,4429,4902,4927
3614,4270,4541,4550
3615,3771,4894,4940
3616,4208,4431,4796
3617,4264,4276,4747
3618,4382,4693,4746
3619,3760,4958,4983
3620,4242,4400,4613
3621,4348,4920,4938
3623,4471,4855,4906
3624,3704,4805,4861
3625,4732,4814,4909
3626,3862,4370,4755
3627,4992,4997,4998
3628,4684,4714,4779
3629,4199,4226,4768
3630,4368,4801,4972
3631,3986,4858,4867
3632,4518,4590,4917
3633,4743,4990,4991
3634,4199,4226,4768
3636,3638,4437,4901
3637,4747,4846,4965
3638,4437,4901,4962
3639,3701,4080,4529
3640,4213,4293,4972
3641,4310,4932,4958
3642,4277,4354,4963
3643,4475,4974,4977
3644,4726,4901,4962
3646,4196,4818,4823
3647,4948,4980,4990
3648,4427,4525,4588
3649,4015,4831,4940
3650,4846,4965,4991
3651,3940,4273,4743
3652,4215,4292,4504
3653,4654,4795,4990
3655,4687,4781,4885
3656,4295,4478,4636
3657,3898,3981,4634
3658,4248,4582,4874
3659,4003,4038,4898
3660,4858,4867,4986
3662,4681,4873,4929
3664,4500,4858,4867
3665,4366,4534,4972
3666,4447,4784,4991
3667,4465,4794,4871
3668,4012,4972,4996
3669,4889,4948,4980
3670,4401,4626,4900
3671,4855,4906,4976
3672,4216,4555,4565
3673,4675,4998,4999
3674,4726,4901,4962
3675,4571,4946,4960
3676,3879,4262,4534
3677,4119,4249,4806
3678,4848,4897,4944
3679,4695,4765,4864
3680,4653,4824,5000
3681,4793,4971,4986
3682,4833,4976,4979
3683,4741,4744,4833
3685,3920,4158,4216
3686,3917,4146,4574
3687,4088,4271,4429
3688,4179,4535,4679
3689,4984,4998,4999
3690,4204,4998,4999
3691,4044,4474,4720
3692,4601,4746,4753
3693,4432,4958,4983
3694,4195,4678,4740
3695,4968,4988,4990
3696,4753,4959,4992
3697,4760,4763,4805
3698,4743,4990,4991
3699,4546,4824,5000
3700,4561,4641,4955
3701,4080,4529,4860
3702,4352,4756,4863
3703,4847,4987,4999
3704,4805,4861,4919
3705,4290,4329,4407
3706,4690,4807,4993
3707,3973,4928,4949
3709,4148,4549,4746
3711,3809,3936,4525
3712,4514,4812,4978
3713,4572,4678,4740
3714,4078,4367,4462
3715,4801,4972,4996
3716,4060,4579,4904
3717,3833,4303,4545
3718,4470,4649,4801
3719,4090,4638,4766
3720,4499,4830,4961
3721,3806,4103,4448
3722,4585,4778,4830
3723,4668,4997,4998
3724,3990,4085,4385
3725,4479,4693,4746
3726,4138,4537,4813
3728,4424,4949,4979
3730,3840,4533,4871
3731,4755,4823,4959
3732,4513,4911,4956
3733,4496,4885,4898
3734,4492,4637,4951
3735,4095,4968,4988
3736,4965,4991,4999
3737,4473,4739,4759
3738,4714,4779,4873
3739,4318,4499,4830
3740,4967,4974,4977
3741,3859,4788,4975
3743,4265,4885,4898
3744,4901,4962,4994
3745,3785,4215,4292
3746,4132,4543,4725
3747,4127,4946,4960
3748,4890,4962,4994
3749,4351,4791,4939
3750,4498,4962,4994
3751,4209,4436,4519
3752,3759,4989,4991
3753,3917,4146,4574
3754,4006,4726,4901
3755,3855,4733,4868
3756,4826,4962,4994
3757,4557,4744,4833
3758,4642,4733,4868
3759,4989,4991,4999
3760,4958,4983,4985
3762,4003,4038,4898
3763,4636,4718,4760
3764,4881,4910,4955
3765,4764,4840,4876
3766,4864,4880,4900
3767,4961,4964,4975
3768,4382,4693,4746
3769,4925,4932,4958
3770,4831,4940,4990
3771,4894,4940,4990
3772,4176,4323,4346
3773,3911,4908,4909
3774,4806,4974,4977
3775,4039,4656,4889
3776,4030,4475,4974
3777,4617,4910,4955
3778,3963,4555,4565
3779,3875,4730,4983
3780,4288,4542,4956
3781,3986,4858,4867
3782,4393,4653,4824
3783,4202,4986,4997
3784,4963,4994,5000
3785,4215,4292,4504
3786,4807,4993,4998
3787,4666,4841,4959
3788,4669,4766,4839
3790,3999,4475,4974
3791,4497,4943,4950
3792,4334,4369,4405
3793,4151,4447,4784
3794,4535,4679,4972
3795,4980,4990,4991
3796,4266,4413,4944
3797,4302,4675,4998
3798,4746,4753,4959
3799,4775,4979,4990
3800,4325,4383,4748
3801,4703,4865,4916
3802,4360,4783,4834
3803,3996,4458,4898
3804,4142,4554,4681
3805,4622,4870,4964
3806,4103,4448,4968
3807,4144,4358,4500
3808,4118,4431,4796
3809,3936,4525,4588
3810,4183,4348,4920
3811,4195,4678,4740
3812,4607,4767,4838
3813,4197,4978,4996
3814,4614,4887,4934
3815,4536,4601,4746
3816,4337,4723,4784
3817,3950,4745,4761
3818,4080,4529,4860
3819,4360,4783,4834
3820,4550,4761,4775
3821,4719,4768,4785
3822,4401,4626,4900
3823,4844,4886,4955
3824,4035,4702,4827
3825,4858,4867,4986
3826,4208,4431,4796
3827,4580,4815,4860
3828,4401,4626,4900
3829,4259,4833,4976
3830,4197,4978,4996
3831,4930,4990,4991
3832,4530,4728,4834
3833,4303,4545,4682
3834,4615,4670,4728
3836,4370,4755,4823
3837,4681,4873,4929
3838,4432,4958,4983
3840,4533,4871,4979
3841,4543,4725,4983
3842,4937,4983,4985
3843,4064,4216,4555
3846,4255,4775,4979
3848,4509,4710,4908
3849,4965,4991,4999
3850,4953,4995,4999
3851,4693,4746,4753
3852,4625,4808,4945
3854,4896,4952,4998
3855,4733,4868,4930
3856,4992,4997,4998
3857,4780,4900,4976
3858,4425,4651,4890
3859,4788,4975,4993
3860,4127,4946,4960
3861,4933,4987,4999
3862,4370,4755,4823
3864,4410,4801,4972
3865,4001,4456,4745
3866,4445,4752,4809
3867,4179,4535,4679
3868,4649,4801,4972
3869,4227,4290,4329
3870,4425,4651,4890
3872,4320,4506,4520
3873,4166,4387,4940
3874,4003,4038,4898
3875,4730,4983,4985
3877,4109,4738,4863
3878,4321,4429,4902
3879,4262,4534,4972
3880,4602,4997,4998
3881,4949,4979,4990
3882,3937,4583,4866
3883,4257,4664,4952
3884,4129,4131,4862
3885,3997,4246,4883
3886,4405,4618,4975
3887,4474,4720,4797
3889,4660,4731,4785
3890,4554,4681,4873
3891,4677,4691,4776
3892,4141,4859,4926
3893,4353,4878,4954
3894,4845,4865,4916
3895,4558,4957,4986
3896,4691,4776,4790
3897,4302,4675,4998
3898,3981,4634,4914
3899,4814,4909,4956
3900,4568,4583,4866
3901,4319,4568,4583
3903,4605,4691,4776
3904,4515,4520,4974
3905,4444,4514,4812
3906,4782,4918,4955
3907,4882,4999,5000
3908,4608,4769,4972
3909,4874,4904,4975
3910,4648,4843,4884
3911,4908,4909,4956
3912,3972,4141,4859
3913,4003,4038,4898
3914,4795,4990,4991
3915,4776,4790,4945
3916,4431,4796,4924
3917,4146,4574,4927
3918,4579,4904,4975
3919,4880,4900,4976
3920,4158,4216,4555
3921,4435,4704,4834
3922,4340,4342,4969
3923,4047,4048,4641
3924,4192,4339,4697
3925,4619,4825,4857
3927,3964,4937,4983
3928,4925,4932,4958
3929,4378,4437,4901
3931,4788,4975,4993
3932,4071,4974,4977
3934,4473,4739,4759
3935,4175,4818,4823
3936,4525,4588,4933
3937,4583,4866,4938
3938,4577,4580,4815
3939,4527,4959,4992
3940,4273,4743,4990
3941,4751,4925,4932
3942,4959,4992,4997
3944,4307,4502,4987
3945,4349,4763,4805
3946,4046,4945,4947
3947,4439,4793,4971
3948,4003,4038,4898
3949,3955,4171,4369
3950,4745,4761,4775
3951,4963,4994,5000
3952,4436,4519,4874
3953,3969,4883,4948
3954,4553,4961,4964
3955,4171,4369,4405
3956,4253,4911,4956
3957,4729,4921,4942
3959,4979,4990,4991
3960,4472,4562,4966
3961,4298,4299,4429
3962,4083,4916,4923
3963,4555,4565,4891
3964,4937,4983,4985
3965,4149,4917,4965
3966,4488,4647,4910
3968,4707,4895,4999
3969,4883,4948,4980
3970,4112,4351,4791
3971,4592,4621,4875
3972,4141,4859,4926
3973,4928,4949,4979
3974,4063,4490,4894
3975,4123,4391,4587
3976,4004,4026,4497
3977,4309,4916,4923
3978,4614,4887,4934
3979,4558,4957,4986
3980,4318,4499,4830
3981,4634,4914,4937
3982,4941,4960,4977
3983,4272,4804,4898
3984,4025,4534,4972
3985,4450,4797,4973
3986,4858,4867,4986
3987,4227,4290,4329
3988,4200,4405,4618
3989,4354,4963,4994
3990,4085,4385,4744
3991,4232,4950,4975
3992,4603,4969,5000
3993,4045,4065,4799
3994,4211,4354,4963
3995,4925,4932,4958
3997,4246,4883,4948
3998,4960,4977,4987
3999,4475,4974,4977
4000,4657,4958,4983
4001,4456,4745,4761
4002,4191,4903,4979
4004,4026,4497,4943
4005,4238,4856,4970
4006,4726,4901,4962
4007,4513,4911,4956
4008,4833,4976,4979
4009,4601,4746,4753
4010,4784,4991,4999
4011,4550,4761,4775
4013,4707,4895,4999
4014,4185,4313,4563
4015,4831,4940,4990
4016,4550,4761,4775
4017,4302,4675,4998
4018,4770,4911,4956
4019,4518,4590,4917
4020,4104,4397,4650
4021,4856,4970,4972
4023,4209,4436,4519
4025,4534,4972,4996
4026,4497,4943,4950
4027,4780,4900,4976
4028,4189,4701,4952
4029,4682,4970,4972
4030,4475,4974,4977
4031,4460,4554,4681
4032,4453,4582,4874
4033,4902,4927,4942
4034,4275,4596,4698
4035,4702,4827,4864
4036,4549,4746,4753
4037,4150,4492,4637
4039,4656,4889,4948
4040,4772,4820,4882
4041,4789,4890,4962
4042,4383,4748,4925
4044,4474,4720,4797
4045,4065,4799,4860
4046,4945,4947,4982
4047,4048,4641,4955
4048,4641,4955,4973
4049,4533,4871,4979
4050,4402,4486,4686
4051,4309,4916,4923
4053,4477,4728,4834
4054,4545,4682,4970
4055,4286,4865,4916
4056,4412,4683,4956
4058,4403,4689,4995
4059,4600,4727,4890
4060,4579,4904,4975
4061,4678,4740,4968
4062,4080,4529,4860
4063,4490,4894,4940
4064,4216,4555,4565
4065,4799,4860,4961
4066,4564,4582,4874
4067,4279,4341,4600
4068,4453,4582,4874
4069,4987,4999,5000
4070,4749,4831,4940
4071,4974,4977,4987
4072,4346,4595,4794
4073,4442,4444,4514
4074,4601,4746,4753
4076,4455,4738,4863
4077,4603,4969,5000
4078,4367,4462,4541
4079,4753,4959,4992
4080,4529,4860,4961
4081,4775,4979,4990
4082,4307,4502,4987
4083,4916,4923,4965
4084,4939,4998,4999
4085,4385,4744,4833
4086,4735,4792,4796
4087,4628,4690,4807
4088,4271,4429,4902
4089,4915,4934,4946
4090,4638,4766,4839
4091,4268,4739,4759
4092,4941,4960,4977
4093,4510,4800,4804
4094,4265,4885,4898
4095,4968,4988,4990
4096,4548,4764,4840
4097,4931,4952,4998
4099,4919,4988,4990
4100,4698,4724,4918
4101,4981,4999,5000
4102,4133,4134,4813
4103,4448,4968,4988
4104,4397,4650,4936
4105,4876,4915,4934
4106,4384,4651,4890
4108,4613,4761,4775
4109,4738,4863,4914
4110,4346,4595,4794
4111,4178,4266,4413
4112,4351,4791,4939
4113,4895,4999,5000
4114,4721,4971,4986
4115,4876,4915,4934
4116,4832,4860,4961
4117,4204,4998,4999
4118,4431,4796,4924
4119,4249,4806,4974
4120,4301,4393,4653
4121,4979,4990,4991
4122,4832,4860,4961
4123,4391,4587,4798
4124,4270,4541,4550
4125,4287,4936,4966
4126,4647,4910,4955
4127,4946,4960,4977
4128,4600,4727,4890
4129,4131,4862,4886
4130,4336,4393,4653
4131,4862,4886,4955
4132,4543,4725,4983
4133,4134,4813,4924
4135,4984,4998,4999
4136,4706,4883,4948
4137,4640,4960,4977
4138,4537,4813,4924
4140,4851,4978,4996
4141,4859,4926,4930
4142,4554,4681,4873
4143,4317,4415,4797
4144,4358,4500,4858
4145,4959,4992,4997
4146,4574,4927,4942
4148,4549,4746,4753
4149,4917,4965,4991
4150,4492,4637,4951
4151,4447,4784,4991
4152,4227,4290,4329
4153,4400,4613,4761
4155,4520,4974,4977
4156,4501,4904,4975
4157,4353,4878,4954
4158,4216,4555,4565
4159,4256,4844,4886
4160,4815,4860,4961
4161,4658,4833,4976
4162,4694,4890,4962
4163,4443,4758,4996
4164,4578,4843,4884
4165,4817,4882,4999
4166,4387,4940,4990
4167,4757,4834,4985
4168,4811,4855,4906
4169,4953,4995,4999
4170,4819,4874,4904
4171,4369,4405,4618
4173,4229,4499,4830
4174,4257,4664,4952
4175,4818,4823,4959
4176,4323,4346,4595
4177,4507,4781,4885
4178,4266,4413,4944
4179,4535,4679,4972
4180,4743,4990,4991
4181,4402,4486,4686
4182,4546,4824,5000
4183,4348,4920,4938
4184,4962,4994,5000
4185,4313,4563,4568
4186,4478,4636,4718
4187,4707,4895,4999
4188,4692,4870,4964
4189,4701,4952,4998
4190,4631,4659,4971
4191,4903,4979,4990
4192,4339,4697,4706
4193,4895,4999,5000
4195,4678,4740,4968
4196,4818,4823,4959
4198,4464,4537,4813
4199,4226,4768,4785
4200,4405,4618,4975
4201,4933,4987,4999
4202,4986,4997,4998
4203,4981,4999,5000
4204,4998,4999,5000
4206,4518,4590,4917
4207,4647,4910,4955
4208,4431,4796,4924
4209,4436,4519,4874
4211,4354,4963,4994
4212,4829,4852,4869
4213,4293,4972,4996
4214,4929,4934,4946
4215,4292,4504,4618
4216,4555,4565,4891
4217,4864,4880,4900
4218,4881,4910,4955
4219,4439,4793,4971
4220,4260,4758,4996
4221,4938,4951,4958
4222,4688,4959,4992
4223,4986,4997,4998
4224,4676,4761,4775
4225,4990,4991,4999
4227,4290,4329,4407
4229,4499,4830,4961
4230,4897,4944,4985
4231,4661,4706,4883
4232,4950,4975,4993
4233,4500,4858,4867
4234,4389,4778,4830
4235,4593,4771,4878
4236,4561,4641,4955
4237,4832,4860,4961
4238,4856,4970,4972
4240,4604,4891,4998
4241,4340,4342,4969
4242,4400,4613,4761
4243,4942,4947,4982
4244,4925,4932,4958
4245,4371,4871,4979
4246,4883,4948,4980
4247,4935,4963,4994
4248,4582,4874,4904
4249,4806,4974,4977
4250,4656,4889,4948
4251,4422,4501,4904
4252,4655,4799,4860
4253,4911,4956,4968
4255,4775,4979,4990
4256,4844,4886,4955
4257,4664,4952,4998
4259,4833,4976,4979
4261,4792,4796,4924
4262,4534,4972,4996
4263,4536,4601,4746
4264,4276,4747,4846
4266,4413,4944,4985
4267,4801,4972,4996
4268,4739,4759,4905
4269,4288,4542,4956
4270,4541,4550,4761
4271,4429,4902,4927
4273,4743,4990,4991
4274,4705,4837,4996
4275,4596,4698,4724
4276,4747,4846,4965
4277,4354,4963,4994
4278,4378,4437,4901
4279,4341,4600,4727
4282,4645,4870,4964
4283,4787,4987,4999
4284,4745,4761,4775
4285,4347,4366,4534
4286,4865,4916,4923
4287,4936,4966,4974
4288,4542,4956,4968
4289,4345,4582,4874
4291,4524,4570,4992
4292,4504,4618,4975
4294,4825,4857,4974
4295,4478,4636,4718
4296,4844,4886,4955
4297,4592,4621,4875
4298,4299,4429,4902
4299,4429,4902,4927
4300,4420,4795,4990
4301,4393,4653,4824
4302,4675,4998,4999
4303,4545,4682,4970
4304,4995,4999,5000
4305,4938,4951,4958
4306,4372,4460,4554
4307,4502,4987,4999
4308,4452,4921,4942
4309,4916,4923,4965
4310,4932,4958,4983
4311,4469,4876,4915
4312,4689,4995,4999
4313,4563,4568,4583
4314,4700,4779,4873
4315,4853,4972,4996
4316,4499,4830,4961
4317,4415,4797,4973
4318,4499,4830,4961
4319,4568,4583,4866
4320,4506,4520,4974
4321,4429,4902,4927
4322,4564,4582,4874
4323,4346,4595,4794
4324,4612,4855,4906
4325,4383,4748,4925
4326,4771,4878,4954
4328,4846,4965,4991
4330,4373,4792,4796
4331,4627,4942,4947
4332,4746,4753,4959
4333,4642,4733,4868
4334,4369,4405,4618
4335,4780,4900,4976
4336,4393,4653,4824
4337,4723,4784,4991
4339,4697,4706,4883
4340,4342,4969,5000
4341,4600,4727,4890
4343,4581,4807,4993
4344,4525,4588,4933
4345,4582,4874,4904
4346,4595,4794,4871
4347,4366,4534,4972
4348,4920,4938,4951
4349,4763,4805,4861
4350,4516,4913,5000
4351,4791,4939,4998
4352,4756,4863,4914
4354,4963,4994,5000
4355,4478,4636,4718
4357,4696,4831,4940
4358,4500,4858,4867
4359,4698,4724,4918
4360,4783,4834,4985
4361,4659,4971,4986
4362,4564,4582,4874
4363,4693,4746,4753
4364,4788,4975,4993
4365,4975,4993,4998
4366,4534,4972,4996
4367,4462,4541,4550
4368,4801,4972,4996
4369,4405,4618,4975
4370,4755,4823,4959
4371,4871,4979,4990
4372,4460,4554,4681
4373,4792,4796,4924
4374,4851,4978,4996
4375,4624,4740,4968
4376,4555,4565,4891
4377,4986,4997,4998
4378,4437,4901,4962
4379,4539,4542,4956
4380,4847,4987,4999
4381,4400,4613,4761
4382,4693,4746,4753
4383,4748,4925,4932
4384,4651,4890,4962
4385,4744,4833,4976
4386,4409,4444,4514
4387,4940,4990,4991
4388,4436,4519,4874
4389,4778,4830,4961
4390,4414,4977,4987
4391,4587,4798,4922
4392,4546,4824,5000
4393,4653,4824,5000
4394,4853,4972,4996
4395,4721,4971,4986
4396,4403,4689,4995
4397,4650,4936,4966
4398,4713,4894,4940
4399,4769,4972,4996
4400,4613,4761,4775
4401,4626,4900,4976
4402,4486,4686,4753
4403,4689,4995,4999
4404,4958,4983,4985
4405,4618,4975,4993
4406,4701,4952,4998
4408,4799,4860,4961
4409,4444,4514,4812
4410,4801,4972,4996
4411,4737,4976,4979
4412,4683,4956,4968
4413,4944,4985,4994
4414,4977,4987,4999
4415,4797,4973,4992
4416,4558,4957,4986
4417,4611,4736,4994
4418,4590,4917,4965
4420,4795,4990,4991
4421,4508,4577,4580
4422,4501,4904,4975
4423,4977,4987,4999
4424,4949,4979,4990
4425,4651,4890,4962
4427,4525,4588,4933
4428,4662,4811,4855
4429,4902,4927,4942
4432,4958,4983,4985
4433,4748,4925,4932
4434,4637,4951,4958
4435,4704,4834,4985
4436,4519,4874,4904
4437,4901,4962,4994
4438,4861,4919,4988
4439,4793,4971,4986
4440,4766,4839,4983
4441,4832,4860,4961
4442,4444,4514,4812
4444,4514,4812,4978
4445,4752,4809,4937
4446,4669,4766,4839
4447,4784,4991,4999
4448,4968,4988,4990
4449,4717,4730,4983
4450,4797,4973,4992
4451,4614,4887,4934
4452,4921,4942,4947
4453,4582,4874,4904
4454,4566,4684,4714
4455,4738,4863,4914
4456,4745,4761,4775
4457,4844,4886,4955
4460,4554,4681,4873
4461,4985,4994,5000
4462,4541,4550,4761
4464,4537,4813,4924
4465,4794,4871,4979
4466,4478,4636,4718
4467,4485,4782,4918
4468,4562,4966,4974
4469,4876,4915,4934
4470,4649,4801,4972
4471,4855,4906,4976
4472,4562,4966,4974
4473,4739,4759,4905
4474,4720,4797,4973
4475,4974,4977,4987
4476,4985,4994,5000
4477,4728,4834,4985
4478,4636,4718,4760
4479,4693,4746,4753
4480,4573,4631,4659
4481,4780,4900,4976
4482,4799,4860,4961
4483,4917,4965,4991
4484,4763,4805,4861
4485,4782,4918,4955
4486,4686,4753,4959
4487,4516,4913,5000
4488,4647,4910,4955
4489,4579,4904,4975
4490,4894,4940,4990
4491,4559,4944,4985
4492,4637,4951,4958
4493,4905,4907,4997
4495,4632,4932,4958
4497,4943,4950,4975
4498,4962,4994,5000
4499,4830,4961,4964
4500,4858,4867,4986
4501,4904,4975,4993
4502,4987,4999,5000
4503,4706,4883,4948
4504,4618,4975,4993
4505,4525,4588,4933
4506,4520,4974,4977
4507,4781,4885,4898
4508,4577,4580,4815
4509,4710,4908,4909
4510,4800,4804,4898
4512,4516,4913,5000
4513,4911,4956,4968
4514,4812,4978,4996
4515,4520,4974,4977
4517,4832,4860,4961
4518,4590,4917,4965
4519,4874,4904,4975
4520,4974,4977,4987
4522,4662,4811,4855
4523,4752,4809,4937
4524,4570,4992,4997
4525,4588,4933,4987
4526,4620,4927,4942
4527,4959,4992,4997
4528,4728,4834,4985
4529,4860,4961,4964
4530,4728,4834,4985
4531,4963,4994,5000
4532,4943,4950,4975
4533,4871,4979,4990
4535,4679,4972,4996
4536,4601,4746,4753
4538,4858,4867,4986
4539,4542,4956,4968
4540,4717,4730,4983
4541,4550,4761,4775
4542,4956,4968,4988
4543,4725,4983,4985
4544,4732,4814,4909
4545,4682,4970,4972
4548,4764,4840,4876
4549,4746,4753,4959
4550,4761,4775,4979
4551,4565,4891,4998
4552,4633,4659,4971
4553,4961,4964,4975
4554,4681,4873,4929
4555,4565,4891,4998
4556,4736,4994,5000
4557,4744,4833,4976
4558,4957,4986,4997
4559,4944,4985,4994
4560,4759,4905,4907
4561,4641,4955,4973
4562,4966,4974,4977
4563,4568,4583,4866
4564,4582,4874,4904
4565,4891,4998,4999
4566,4684,4714,4779
4568,4583,4866,4938
4569,4917,4965,4991
4570,4992,4997,4998
4571,4946,4960,4977
4572,4678,4740,4968
4573,4631,4659,4971
4574,4927,4942,4947
4575,4756,4863,4914
4576,4971,4986,4997
4577,4580,4815,4860
4578,4843,4884,4901
4579,4904,4975,4993
4580,4815,4860,4961
4581,4807,4993,4998
4582,4874,4904,4975
4583,4866,4938,4951
4585,4778,4830,4961
4586,4789,4890,4962
4587,4798,4922,4930
4588,4933,4987,4999
4590,4917,4965,4991
4591,4976,4979,4990
4592,4621,4875,4947
4593,4771,4878,4954
4594,4663,4931,4952
4595,4794,4871,4979
4596,4698,4724,4918
4597,4791,4939,4998
4598,4759,4905,4907
4599,4833,4976,4979
4600,4727,4890,4962
4601,4746,4753,4959
4602,4997,4998,4999
4604,4891,4998,4999
4605,4691,4776,4790
4606,4777,4951,4958
4607,4767,4838,4867
4608,4769,4972,4996
4609,4880,4900,4976
4610,4971,4986,4997
4611,4736,4994,5000
4612,4855,4906,4976
4613,4761,4775,4979
4614,4887,4934,4946
4615,4670,4728,4834
4617,4910,4955,4973
4618,4975,4993,4998
4619,4825,4857,4974
4620,4927,4942,4947
4621,4875,4947,4982
4622,4870,4964,4975
4623,4809,4937,4983
4624,4740,4968,4988
4625,4808,4945,4947
4626,4900,4976,4979
4627,4942,4947,4982
4628,4690,4807,4993
4629,4818,4823,4959
4630,4767,4838,4867
4631,4659,4971,4986
4632,4932,4958,4983
4633,4659,4971,4986
4634,4914,4937,4983
4635,4900,4976,4979
4636,4718,4760,4763
4637,4951,4958,4983
4638,4766,4839,4983
4639,4672,4957,4986
4640,4960,4977,4987
4641,4955,4973,4992
4642,4733,4868,4930
4643,4778,4830,4961
4645,4870,4964,4975
4646,4721,4971,4986
4647,4910,4955,4973
4648,4843,4884,4901
4649,4801,4972,4996
4650,4936,4966,4974
4651,4890,4962,4994
4652,4816,4912,4929
4654,4795,4990,4991
4655,4799,4860,4961
4656,4889,4948,4980
4657,4958,4983,4985
4658,4833,4976,4979
4659,4971,4986,4997
4661,4706,4883,4948
4662,4811,4855,4906
4663,4931,4952,4998
4664,4952,4998,4999
4665,4815,4860,4961
4666,4841,4959,4992
4667,4981,4999,5000
4668,4997,4998,4999
4669,4766,4839,4983
4670,4728,4834,4985
4672,4957,4986,4997
4674,4749,4831,4940
4675,4998,4999,5000
4676,4761,4775,4979
4677,4691,4776,4790
4678,4740,4968,4988
4680,4884,4901,4962
4681,4873,4929,4934
4682,4970,4972,4996
4683,4956,4968,4988
4684,4714,4779,4873
4686,4753,4959,4992
4687,4781,4885,4898
4688,4959,4992,4997
4689,4995,4999,5000
4690,4807,4993,4998
4691,4776,4790,4945
4692,4870,4964,4975
4693,4746,4753,4959
4694,4890,4962,4994
4695,4765,4864,4880
4696,4831,4940,4990
4697,4706,4883,4948
4698,4724,4918,4955
4700,4779,4873,4929
4701,4952,4998,4999
4702,4827,4864,4880
4703,4865,4916,4923
4704,4834,4985,4994
4706,4883,4948,4980
4707,4895,4999,5000
4708,4887,4934,4946
4709,4926,4930,4990
4710,4908,4909,4956
4712,4980,4990,4991
4713,4894,4940,4990
4714,4779,4873,4929
4715,4765,4864,4880
4716,4987,4999,5000
4717,4730,4983,4985
4718,4760,4763,4805
4720,4797,4973,4992
4721,4971,4986,4997
4722,4749,4831,4940
4723,4784,4991,4999
4724,4918,4955,4973
4725,4983,4985,4994
4726,4901,4962,4994
4727,4890,4962,4994
4728,4834,4985,4994
4729,4921,4942,4947
4730,4983,4985,4994
4732,4814,4909,4956
4733,4868,4930,4990
4734,4760,4763,4805
4735,4792,4796,4924
4737,4976,4979,4990
4738,4863,4914,4937
4739,4759,4905,4907
4740,4968,4988,4990
4741,4744,4833,4976
4742,4841,4959,4992
4743,4990,4991,4999
4744,4833,4976,4979
4745,4761,4775,4979
4746,4753,4959,4992
4747,4846,4965,4991
4748,4925,4932,4958
4749,4831,4940,4990
4750,4852,4869,4902
4751,4925,4932,4958
4752,4809,4937,4983
4753,4959,4992,4997
4754,4883,4948,4980
4755,4823,4959,4992
4756,4863,4914,4937
4757,4834,4985,4994
4759,4905,4907,4997
4760,4763,4805,4861
4761,4775,4979,4990
4762,4946,4960,4977
4763,4805,4861,4919
4764,4840,4876,4915
4765,4864,4880,4900
4766,4839,4983,4985
4767,4838,4867,4986
4770,4911,4956,4968
4772,4820,4882,4999
4773,4907,4997,4998
4774,4775,4979,4990
4775,4979,4990,4991
4776,4790,4945,4947
4777,4951,4958,4983
4778,4830,4961,4964
4779,4873,4929,4934
4780,4900,4976,4979
4782,4918,4955,4973
4783,4834,4985,4994
4784,4991,4999,5000
4787,4987,4999,5000
4788,4975,4993,4998
4789,4890,4962,4994
4790,4945,4947,4982
4791,4939,4998,4999
4793,4971,4986,4997
4794,4871,4979,4990
4795,4990,4991,4999
4797,4973,4992,4997
4798,4922,4930,4990
4799,4860,4961,4964
4803,4991,4999,5000
4805,4861,4919,4988
4806,4974,4977,4987
4807,4993,4998,4999
4808,4945,4947,4982
4809,4937,4983,4985
4810,4975,4993,4998
4811,4855,4906,4976
4814,4909,4956,4968
4815,4860,4961,4964
4816,4912,4929,4934
4817,4882,4999,5000
4818,4823,4959,4992
4819,4874,4904,4975
4820,4882,4999,5000
4821,4870,4964,4975
4822,4827,4864,4880
4823,4959,4992,4997
4825,4857,4974,4977
4826,4962,4994,5000
4827,4864,4880,4900
4828,4989,4991,4999
4829,4852,4869,4902
4830,4961,4964,4975
4831,4940,4990,4991
4832,4860,4961,4964
4833,4976,4979,4990
4834,4985,4994,5000
4835,4961,4964,4975
4838,4867,4986,4997
4839,4983,4985,4994
4840,4876,4915,4934
4841,4959,4992,4997
4842,4863,4914,4937
4843,4884,4901,4962
4844,4886,4955,4973
4845,4865,4916,4923
4846,4965,4991,4999
4847,4987,4999,5000
4848,4897,4944,4985
4850,4932,4958,4983
4852,4869,4902,4927
4854,4912,4929,4934
4855,4906,4976,4979
4856,4970,4972,4996
4857,4974,4977,4987
4858,4867,4986,4997
4859,4926,4930,4990
4860,4961,4964,4975
4861,4919,4988,4990
4862,4886,4955,4973
4863,4914,4937,4983
4864,4880,4900,4976
4865,4916,4923,4965
4866,4938,4951,4958
4867,4986,4997,4998
4868,4930,4990,4991
4869,4902,4927,4942
4870,4964,4975,4993
4871,4979,4990,4991
4872,4904,4975,4993
4873,4929,4934,4946
4874,4904,4975,4993
4875,4947,4982,4999
4876,4915,4934,4946
4877,4986,4997,4998
4879,4931,4952,4998
4880,4900,4976,4979
4881,4910,4955,4973
4883,4948,4980,4990
4884,4901,4962,4994
4886,4955,4973,4992
4887,4934,4946,4960
4888,4945,4947,4982
4889,4948,4980,4990
4890,4962,4994,5000
4891,4998,4999,5000
4893,4933,4987,4999
4894,4940,4990,4991
4896,4952,4998,4999
4897,4944,4985,4994
4899,4944,4985,4994
4900,4976,4979,4990
4901,4962,4994,5000
4902,4927,4942,4947
4903,4979,4990,4991
4904,4975,4993,4998
4905,4907,4997,4998
4906,4976,4979,4990
4907,4997,4998,4999
4908,4909,4956,4968
4909,4956,4968,4988
4910,4955,4973,4992
4911,4956,4968,4988
4912,4929,4934,4946
4914,4937,4983,4985
4915,4934,4946,4960
4916,4923,4965,4991
4917,4965,4991,4999
4918,4955,4973,4992
4919,4988,4990,4991
4920,4938,4951,4958
4921,4942,4947,4982
4922,4930,4990,4991
4923,4965,4991,4999
4925,4932,4958,4983
4926,4930,4990,4991
4927,4942,4947,4982
4928,4949,4979,4990
4929,4934,4946,4960
4930,4990,4991,4999
4931,4952,4998,4999
4932,4958,4983,4985
4933,4987,4999,5000
4934,4946,4960,4977
4935,4963,4994,5000
4936,4966,4974,4977
4937,4983,4985,4994
4938,4951,4958,4983
4939,4998,4999,5000
4940,4990,4991,4999
4941,4960,4977,4987
4942,4947,4982,4999
4943,4950,4975,4993
4944,4985,4994,5000
4945,4947,4982,4999
4946,4960,4977,4987
4947,4982,4999,5000
4948,4980,4990,4991
4949,4979,4990,4991
4950,4975,4993,4998
4951,4958,4983,4985
4952,4998,4999,5000
4953,4995,4999,5000
4955,4973,4992,4997
4956,4968,4988,4990
4957,4986,4997,4998
4958,4983,4985,4994
4959,4992,4997,4998
4960,4977,4987,4999
4961,4964,4975,4993
4964,4975,4993,4998
4965,4991,4999,5000
4966,4974,4977,4987
4967,4974,4977,4987
4968,4988,4990,4991
4971,4986,4997,4998
4973,4992,4997,4998
4974,4977,4987,4999
4975,4993,4998,4999
4976,4979,4990,4991
4977,4987,4999,5000
4979,4990,4991,4999
4980,4990,4991,4999
4983,4985,4994,5000
4984,4998,4999,5000
4986,4997,4998,4999
4988,4990,4991,4999
4989,4991,4999,5000
5007,5008,5009,5010
5008,5009,5010,5011
5009,5010,5011,5012
5010,5011,5012,5005
4990,4991,4999,5000
4992,4997,4998,4999
4993,4998,4999,5000
4997,4998,4999,5000
6005,6001,6002,6003
6001,6002,6003,6007
6001,6002,6003,6004
6006,6005,6001,6002
6006,6002,6003,6007
6002,6003,6007,6006
6006,6002,6003,6004
6002,6003,6004,6008
6007,6006,6002,6003
6003,6007,6006,6005
6003,6007,6006,6002
6008,6007,6006,6005
6007,6006,6005,6001
6008,6007,6006,6002
6004,6008,6007,6006
6003,6004,6008,6007
