145,234,94,91,223,94
145,234,94,237,114,94
234,94,91,223,94,145
234,94,237,114,94,145
94,91,223,94,237,114
91,223,94,237,114,94
223,94,237,114,94,91
2113,2165,2250,2052,1436,1710
1710,2113,2165,2250,2052,1436
2165,2250,2052,1436,1710,2113
1436,1710,2113,2165,2250,2052
2250,2052,1436,1710,2113,2165
2052,1436,1710,2113,2165,2250
1889,1115,2393,2043,2276,1466
1466,1889,1115,2393,2043,2276
1115,2393,2043,2276,1466,1889
2276,1466,1889,1115,2393,2043
2393,2043,2276,1466,1889,1115
2043,2276,1466,1889,1115,2393
1782,1703,1609,1776,1707,2414
2414,1782,1703,1609,1776,1707
1703,1609,1776,1707,2414,1782
1707,2414,1782,1703,1609,1776
1609,1776,1707,2414,1782,1703
1776,1707,2414,1782,1703,1609
2287,1050,1661,1181,1999,1966
1966,2287,1050,1661,1181,1999
1050,1661,1181,1999,1966,2287
1999,1966,2287,1050,1661,1181
1661,1181,1999,1966,2287,1050
1181,1999,1966,2287,1050,1661
1359,2391,1763,2112,1655,1627
1627,1359,2391,1763,2112,1655
2391,1763,2112,1655,1627,1359
1655,1627,1359,2391,1763,2112
1763,2112,1655,1627,1359,2391
2112,1655,1627,1359,2391,1763
2354,1697,2099,1574,1195,1931
1931,2354,1697,2099,1574,1195
1697,2099,1574,1195,1931,2354
1195,1931,2354,1697,2099,1574
2099,1574,1195,1931,2354,1697
1574,1195,1931,2354,1697,2099
1359,2246,1436,1594,1375,1005
1005,1359,2246,1436,1594,1375
2246,1436,1594,1375,1005,1359
1375,1005,1359,2246,1436,1594
1436,1594,1375,1005,1359,2246
1594,1375,1005,1359,2246,1436
1755,2061,2142,2027,2171,1192
1192,1755,2061,2142,2027,2171
2061,2142,2027,2171,1192,1755
2171,1192,1755,2061,2142,2027
2142,2027,2171,1192,1755,2061
2027,2171,1192,1755,2061,2142
1630,1131,1780,1627,2196,2112
2112,1630,1131,1780,1627,2196
1131,1780,1627,2196,2112,1630
2196,2112,1630,1131,1780,1627
1780,1627,2196,2112,1630,1131
1627,2196,2112,1630,1131,1780
6006,6005,6001,6002,6003,6007
6007,6006,6005,6001,6002,6003
6005,6001,6002,6003,6007,6006
6003,6007,6006,6005,6001,6002
6001,6002,6003,6007,6006,6005
6002,6003,6007,6006,6005,6001
6007,6006,6002,6003,6004,6008
6008,6007,6006,6002,6003,6004
6006,6002,6003,6004,6008,6007
6004,6008,6007,6006,6002,6003
6002,6003,6004,6008,6007,6006
6003,6004,6008,6007,6006,6002
